20160401134202
20160402141201
20160403135202
20160404131702
20160405133201
20160406140703
20160407141201
20160409140704
20160410142201
20160411140701
20160412132201
20160413140702
20160414140704
20160415140703
20160417121202
20160418135202
20160419133202
20160420135201
20160421123202
20160422124201
20160423135201
20160424135202
20161103144737
20161104143706
20161105122638
20161106151417
20161107144812
20161109145801
20161110133352
20161111131005
20161112141435
20161113153141
20161114150437
20161115115452
20161116145648
20161117134536
20161118144225
20161119142724
20161120140914
20161121144939
20161122163313
20161123135549
20161124145857
20161125143158
20161126154342
20161127144431
20161128145846
20161129140845
20161130145211
20161201143400
20161202153728
20161203132131
20161204131110
20161205145730
20161207134921
20161208145337
20161209145337
20161210151523
20161211143738
20161212143929
20161213142932
20161214145425
20161215150030
20161216145747
20161217150031
20161218142846
20161220135547
20161221154725
20161222145222
20161223144552
20161224144725
20161225150739
20161226144924
20161227151121
20161228152915
20161229132621
20161230133427
20161231153848
20170101142736
20170102135841
20170103151549
20170104144629
20170105134250
20170106133836
20170107145832
20170108145321
20170109144849
20170110144924
20170111144927
20170112151441
20170113143140
20170114152823
20170115162548
20170116145740
20170117145257
20170118144908
20170119144641
20170120150154
20170121140546
20170122140851
20170123151721
20170124151424
20170125144641
20170126133849
20170127134852
20170128142201
20170129150047
20170130144636
20170131144433
20170201145847
20170202143752
20170203151151
20170204150656
20170205144628
20170206145543
20170207145548
20170208150552
20170209150822
20170210145147
20170211155004
20170212145518
20170213144707
20170214144627
20170215145201
20170216150238
20170217134836
20170218132323
20170219140649
20170220150426
20170221150212
20170222145804
20170223142406
20170224142500
20170225150245
20170226145521
20170227142540
20170228140756
20170301144642
20170302144445
20170303153847
20170304153620
20170305151956
20170306143852
20170307144653
20170308150309
20170309144104
20170310145835
20170311135507
20170312135656
20170313150104
20170314145056
20170315144100
20170316134702
20170317133918
20170318150131
20170319145313
20170320145326
20170321145028
20170322143259
20170323145205
20170324145947
20170325152125
20170326135239
20170327124949
20170328124110
20170329140940
20170330141017
20170331134126
20170401130636
20170402130939
20170403135707
20170404130332
20170405134931
20170406140357
20170407140624
20170408135724
20170409134731
20170410133552
20170411132549
20170412134641
20170413142530
20170414133522
20170415134754
20170416134348
20170417134634
20170418130531
20170419135447
20170420112223
20170423122419
20170424131753
20170427123435
20170428141001
20170429150532
20170430144351
20170501132615
20170502130231
20170503143451
20170504125719
20170505141053
20170506140306
20170507135842
20170508143514
20170509132921
20170510123905
20170511141720
20170512140913
20170513141927
20170514145101
20170515143728
20170516143653
20170517134418
20170518140036
20170519131939
20170520130944
20170521131057
20170522140253
20170523135848
20170524140459
20170525132646
20170526141403
20170527142255
20170528140452
20170529131519
20170530125614
20170531141223
20170601125543
20170602140140
20170603141005
20170604131051
20170605141257
20170606123554
20170607134713
20170608133852
20170609124650
20170610140716
20170611140444
20170612132606
20171102152527
20171103140057
20171104150056
20171105143417
20171106144231
20171108135933
20171109145020
20171110143804
20171111132901
20171112133337
20171113145954
20171114144908
20171115145346
20171116143824
20171117143938
20171118142356
20171119130512
20171120154704
20171121151457
20171122134917
20171123143806
20171124142328
20171125142636
20171126143750
20171127135032
20171128133804
20171129143200
20171130134932
20171201150003
20171202150642
20171204083232
20171205160429
20171206144405
20171207140403
20171208144901
20171209142051
20171210125338
20171211150552
20171212145931
20171213142038
20171214142238
20171215145040
20171216143950
20171217145539
20171218154546
20171219153918
20171220150451
20171221143307
20171222145119
20171223144056
20171224142436
20171225141539
20171226150314
20171227150147
20171228150505
20171229151443
20171230150734
20171231150122
20180101150348
20180102150838
20180103144359
20180104144931
20180105150218
20180106145331
20180107145451
20180108151230
20180109135519
20180110144613
20180111165210
20180112150431
20180113145135
20180114150340
20180115150314
20180116150019
20180117145528
20180118144817
20180119145821
20180120150919
20180121145555
20180122145801
20180123144817
20180124145937
20180125144308
20180126150306
20180127144739
20180128152331
20180129151026
20180130150004
20180131144808
20180201142527
20180202144951
20180203145126
20180204145739
20180205123603
20180206142037
20180207142953
20180208145014
20180209145458
20180210150221
20180211145249
20180212144601
20180213145440
20180214145731
20180215144728
20180216143955
20180217135836
20180218140437
20180219150258
20180220145804
20180221150120
20180222145120
20180223151356
20180224150121
20180225142451
20180226142303
20180227142127
20180228143244
20180301144523
20180302150124
20180303142814
20180304142733
20180305145628
20180306145130
20180307150002
20180308144622
20180309144702
20180310134311
20180311142401
20180312151554
20180313150512
20180314150606
20180315144253
20180316145855
20180317145533
20180318145804
20180319143201
20180320150308
20180321150028
20180322143131
20180323150602
20180324150305
20180325142024
20180326131046
20180327130802
20180328133700
20180329131630
20180330143055
20180331135528
20180401140234
20180402140017
20180403140612
20180404140914
20180405132214
20180406134601
20180407140925
20180408135509
20180409133449
20180410135859
20180411134514
20180412140741
20180414133208
20180415143523
20180417131513
20180418125726
20180419140338
20180420140158
20180421141424
20180422135252
20180423134350
20180424140852
20180425135713
20180426133610
20180427121312
20180428142231
20180429143833
20180430122406
20180501132449
20180502135234
20180503120536
20180504145644
20180505131403
20180506134813
20180507134833
20180508150001
20180509142433
20180510130307
20180511135610
20180512140009
20180513142900
20180514135012
20180515125306
20180517140757
20180518131249
20180519130942
20180520125921
20180521141341
20180523135609
20180524140355
20180525120843
20180526141017
20180527140900
20180528122634
20180529141531
20180530134303
20180531122619
20180601143939
20180602133234
20180603132439
20180604121856
20180605140156
20180606135758
20180607125555
20180608141419
20180609152615
20180610151223
20180611123403
20181029153042
20181030145222
20181031145449
20181103135126
20181104133952
20181105132903
20181106145230
20181107145409
20181108144557
20181109143834
20181110150737
20181111153031
20181112150531
20181113160025
20181114144904
20181115152334
20181116142444
20181117144510
20181118145904
20181119144342
20181120143137
20181121150452
20181122135345
20181123135115
20181124144941
20181125150453
20181127133726
20181128145523
20181129125853
20181130142704
20181201145834
20181202150442
20181203150236
20181204144139
20181205134951
20181206150517
20181207145835
20181208135508
20181209135204
20181210150219
20181211165006
20181212143441
20181214140704
20181215145505
20181216150659
20181217141601
20181218131657
20181219134205
20181220141137
20181221150235
20181222145755
20181223150734
20181224130434
20181225134628
20181226132617
20181227145643
20181228142010
20181229143027
20181230143500
20181231144529
20190101144112
20190102145058
20190103150003
20190104124944
20190105132450
20190106130021
20190107142903
20190108144555
20190109150440
20190110144423
20190111145531
20190112150453
20190113145741
20190114150005
20190115145937
20190116085546
20190117144533
20190118150204
20190119145934
20190120145330
20190121144736
20190122145814
20190123142838
20190124150440
20190125145553
20190126150122
20190127145303
20190128150356
20190129151056
20190130150845
20190131145234
20190201134846
20190202142947
20190203133536
20190204151542
20190206151554
20190207144434
20190208145015
20190209150308
20190210145053
20190211150610
20190212145851
20190213145558
20190214145631
20190215144924
20190216145309
20190217135918
20190218145314
20190219151332
20190220150019
20190221144307
20190222145044
20190223145349
20190224144601
20190225135437
20190226133150
20190227145552
20190228142456
20190301145819
20190302145400
20190303150907
20190304150141
20190305150235
20190306145804
20190307145421
20190308144904
20190309144259
20190310144535
20190311145943
20190312150111
20190313145501
20190314142730
20190315141305
20190316133843
20190317150451
20190318144938
20190319144242
20190320143544
20190322145830
20190323145912
20190324150051
20190325143659
20190326143941
20190327143804
20190328134528
20190329133341
20190330145925
20190331135648
20190401140511
20190402132021
20190403134627
20190404132351
20190405140347
20190406140059
20190407132735
20190408135807
20190409140234
20190410140443
20190411134519
20190412141045
20190413140501
20190414140417
20190415135801
20190416142032
20190417134325
20190418133200
20190419124828
20190420133043
20190421125451
20190422140748
20190423141448
20190424141359
20190425131054
20190426134746
20190427135105
20190429120355
20190430144722
20190501124430
20190502124906
20190503142343
20190504144506
20190505135157
20190506135336
20190507134055
20190508131442
20190510144423
20190511140907
20190512141440
20190513140238
20190514143229
20190515125301
20190516135755
20190517132930
20190518135304
20190519130828
20190520131723
20190521140910
20190522135043
20190523125832
20190524135850
20190525130751
20190526130319
20190527130512
20190528144912
20190529122930
20190530133216
20190531125217
20190601144720
20190602140852
20190603124247
20190604132213
20190605145008
20190606123753
20190607142357
20190608141141
20190609144215
20190610143944
20190611140805
20190612142006
20191030132949
20191031172412
20191101145913
20191104140412
20191105153201
20191106141715
20191107140432
20191108153433
20191109141320
20191110134751
20191111135519
20191112145439
20191113151619
20191114145706
20191115145755
20191118145958
20191119134349
20191120135523
20191121150406
20191122140026
20191123140449
20191124135751
20191125140028
20191126144732
20191127143051
20191128142540
20191129150155
20191130150125
20191201144838
20191202150435
20191203140917
20191204143427
20191206134323
20191207140056
20191208151746
20191209142934
20191211153923
20191214152704
20191215135352
20191216151439
20191218141625
20191219150721
20191220142908
20191221150421
20191222145511
20191223151124
20191224150535
20191225150355
20191226151047
20191227131518
20191228151031
20191229145640
20191230140006
20191231135231
20200101133524
20200102150042
20200103145932
20200104150009
20200105150622
20200106145352
20200107144829
20200108150307
20200110142820
20200111133637
20200112124102
20200113143039
20200114150511
20200115141600
20200116125245
20200117135514
20200118150107
20200119145323
20200120143307
20200121144927
20200122112023
20200123151002
20200124150308
20200125150019
20200126145740
20200127144847
20200128143956
20200129152109
20200130150019
20200131150110
20200201140605
20200202133751
20200203150222
20200204150144
20200205132539
20200206134337
20200207142019
20200208142038
20200209141211
20200210144729
20200211150024
20200212133035
20200213134529
20200214145303
20200215145232
20200216145121
20200217134900
20200218145334
20200219134413
20200220145514
20200221144813
20200222131153
20200223135948
20200224135542
20200225151417
20200226150304
20200227140924
20200228130533
20200229145853
20200301150229
20200302141004
20200303133337
20200304150329
20200305151840
20200306143509
20200307090823
20200308151407
20200309145706
20200310150230
20200311150137
20200312144746
20200313134401
20200314150018
20200315130924
20200316145032
20200317142945
20200318130109
20200319145546
20200320144900
20200321153016
20200322135921
20200323145630
20200324142806
20200325142231
20201102150226
20201103154111
20201104143448
20201106143341
20201107140451
20201108135501
20201109143751
20201110133949
20201111143905
20201112143527
20201113143643
20201114152534
20201115134228
20201116140806
20201117150247
20201118150031
20201119150023
20201120144850
20201121144301
20201122142455
20201123145125
20201124143950
20201125143739
20201126145834
20201127141412
20201128144833
20201129135115
20201130144402
20201201153011
20201202142423
20201203145821
20201204143006
20201205142102
20201206144346
20201208162531
20201209153034
20201210144153
20201214151939
20201215144134
20201217135517
20201218144037
20201219145741
20201220150326
20201221144856
20201222150435
20201223153440
20201224151315
20201225144458
20201226132846
20201227140217
20201228150351
20201229145851
20201230150551
20201231143220
20210101134538
20210102143740
20210103144302
20210104150403
20210105145750
20210106132525
20210107134420
20210108130937
20210109145012
20210110144848
20210111150412
20210112144937
20210115144614
20210116144720
20210117145657
20210118143114
20210119140149
20210120145603
20210121150531
20210122145300
20210123145000
20210124144501
20210125150357
20210126150529
20210127145012
20210128144328
20210129150011
20210130143924
20210131144431
20210201144445
20210202143957
20210203145059
20210204141819
20210205144931
20210206144845
20210207150423
20210208150945
20210209144713
20210210140136
20210211141856
20210212144453
20210213143434
20210214144307
20210215150129
20210216144141
20210217145426
20210218141931
20210219143416
20210220151425
20210221144516
20210222144801
20210223135832
20210224144019
20210225145227
20210226143317
20210227145215
20210228142834
20210301144052
20210302143509
20210303150737
20210305144503
20210306144417
20210307143805
20210308142940
20210309150116
20210310150542
20210311143951
20210312150523
20210313135433
20210314135619
20210315150007
20210316145042
20210317145032
20210318143126
20210319151614
20210320150734
20210321150124
20210322144811
20210323144549
20210324143810
20210325150006
20210326150021
20210327143535
20210328133727
20210329135940
20210330140205
20210331134249
20210410135011
20210411134104
20210412135955
20210413131306
20210414131040
20210415134706
20210416133424
20210417141021
20210418140242
20210419125238
20210420132724
20210421140124
20210422140045
20210423134549
20210424124929
20210425134739
20210426134804
20210427133641
20210428134735
20210429120157
20210430130118
20210501143210
20210502141259
20210503123951
20210504130311
20210505121710
20210506140613
20210507141034
20210508141443
20210509143409
20210510142152
20210511141718
20210512141204
20210513130307
20210514151454
20210516132601
20210517135755
20210518145046
20210519122254
20210520135226
20210521134522
20210522133614
20210523153110
20210524140848
20210525140810
20210526123509
20210527140126
20210528141605
20210529133845
20210530140039
20210531134742
20210601143658
20210602135148
20210603134251
20210604143244
20210606140654
20210607134745
20210608151935
20210610124106
20211102145729
20211103153251
20211104142614
20211105151952
20211106145729
20211107145134
20211108145548
20211109144910
20211110153012
20211111153933
20211112150325
20211113151143
20211114145738
20211115144541
20211116145805
20211117144631
20211118144629
20211119144907
20211120143758
20211121145941
20211122143922
20211123144102
20211124150728
20211125144627
20211126150703
20211127152300
20211128150720
20211129145026
20211130145735
20211201150848
20211202150021
20211203152214
20211204145057
20211205150249
20211206152312
20211207150140
20211208150319
20211209150428
20211210145605
20211211083027
20211212150714
20211213150633
20211214150123
20211215150428
20211216145939
20211217145738
20211218145416
20211219144313
20211220140748
20211221145344
20211222143601
20211223142953
20211224143322
20211225135210
20211226150837
20211227144621
20211228145704
20211229150003
20211230144809
20211231145624
20220101151218
20220102151024
20220103144818
20220104144758
20220105151420
20220106150738
20220107151420
20220108145232
20220109143641
20220110151749
20220111151022
20220112150209
20220113144104
20220114145617
20220115150043
20220116145316
20220117145836
20220118150117
20220119145145
20220120144607
20220121144253
20220122150219
20220123145022
20220124144853
20220125150843
20220126145544
20220127145234
20220128145559
20220129150040
20220130151206
20220131151642
20220201145235
20220202143315
20220203144724
20220204144916
20220205150347
20220206144317
20220207145338
20220208150922
20220209145544
20220210143834
20220211144310
20220212145802
20220213151652
20220214145311
20220215151512
20220216145108
20220217145954
20220218145316
20220219145943
20220220145757
20220221144908
20220222144515
20220223145221
20220224144627
20220225145147
20220226145950
20220227145406
20220228145931
20220301145130
20220302145549
20220303144853
20220304150151
20220305150742
20220306150519
20220307144625
20220308151201
20220309150100
20220310150902
20220311151248
20220312145530
20220313151518
20220314150258
20220315143936
20220316144956
20220318145427
20220319150448
20220320150458
20220321144852
20220322150432
20220323145355
20220324144805
20220325150131
20220326145835
20220327134512
20220328133538
20220329135143
20220330141136
20220331141115
20220401134757
20220402101629
20220403135509
20220404135259
20220405135844
20220406135101
20220407134549
20220408141334
20220409141506
20220410140223
20220411135216
20220412140746
20220413140743
20220414140023
20220415133836
20220416135740
20220417135207
20220418140545
20220419142041
20220420140553
20220421143947
20220422134911
20220423134930
20220424140816
20220425134633
20220426140332
20220427140648
20220428135623
20220429133131
20220430134547
20220501135151
20220502134131
20220504134343
20220505134123
20220506141528
20220507134413
20220508141544
20220509134400
20220510134104
20220511140658
20220512133908
20220513134301
20220514134521
20220515132917
20220516133608
20220517133801
20220518135558
20220519134312
20220520141605
20220521133538
20220523133425
20220524133440
20220525140302
20220526132925
20220527133420
20220528135232
20220529131239
20220530130502
20220531124224
20220601134823
20220602130228
20220603133331
20220604135729
20220605135338
20220606131858
20220607130905
20220608135037
20220609123418
20221102142722
20221103141310
20221104150355
20221105142244
20221106150035
20221107144914
20221108142421
20221109143632
20221110143518
20221111145234
20221112133610
20221113142811
20221114143615
20221115143239
20221116135920
20221117150031
20221118143748
20221119150510
20221120145612
20221121144810
20221122144356
20221123150849
20221128142711
20221129150738
20221130144621
20221201150110
20221202143236
20221203150719
20221204145159
20221206144023
20221207143105
20221208151050
20221209144747
20221210150048
20221211152004
20221212143605
20221213142834
20221214142444
20221215145904
20221216150305
20221217144820
20221218150111
20221219145624
20221220150659
20221221144301
20221222143740
20221223144639
20221224145328
20221226143444
20221227145115
20221228144434
20221229144037
20221230142057
20221231143047
20230102141059
20230103144656
20230104143616
20230106141802
20230107150444
20230108152143
20230109144451
20230110141900
20230111150115
20230112145103
20230113145859
20230114144610
20230115144417
20230117150507
20230118144125
20230119143838
20230120153455
20230121150843
20230122144952
20230123145043
20230124145104