20160401140702
20160402140702
20160403140702
20160404140702
20160405141701
20160406140702
20160407140702
20160409134702
20160410135202
20160411141701
20160412134702
20160413133202
20160414140703
20160415140702
20160417132702
20160418140701
20160419134201
20160420140701
20160421145201
20160422134201
20160423140702
20160424142201
20161103150217
20161104145754
20161105151219
20161106144300
20161107160410
20161108145441
20161109142907
20161110152716
20161111133813
20161112144333
20161113141712
20161114142617
20161115142212
20161116142910
20161117144347
20161118144806
20161119135827
20161120131517
20161121144707
20161122135822
20161123151503
20161124154448
20161125132402
20161126142148
20161127141149
20161128151348
20161129133511
20161130143631
20161201143252
20161202142501
20161203143514
20161204144437
20161205145127
20161206134427
20161207144356
20161208162255
20161209132821
20161210142149
20161211140016
20161212161317
20161213134242
20161214143730
20161215140816
20161216141216
20161217141756
20161218142258
20161220143212
20161221145314
20161222153156
20161223145428
20161224144930
20161225140535
20161226141328
20161227140213
20161228142806
20161229144323
20161230142203
20161231140121
20170101144822
20170102142333
20170103142926
20170104143721
20170105144403
20170106143224
20170107145516
20170108142619
20170109143518
20170110145427
20170111145703
20170112153526
20170113150403
20170114143200
20170115143547
20170116144113
20170117143507
20170118144415
20170119145201
20170120144307
20170121145310
20170122145029
20170123144516
20170124141059
20170125141858
20170126145102
20170127144639
20170128143242
20170129143351
20170130144635
20170131145118
20170201145456
20170202145015
20170203144859
20170204144024
20170205150050
20170206144918
20170207144841
20170208145631
20170209142703
20170210144725
20170211143341
20170212143503
20170213144633
20170214145313
20170215143646
20170216141954
20170217143521
20170218144044
20170219142934
20170220145115
20170221143146
20170222143921
20170223144202
20170224145625
20170225145116
20170226145357
20170227144928
20170228145112
20170301144723
20170302150608
20170303145014
20170304160529
20170305150522
20170306145615
20170307145134
20170308151310
20170309144812
20170310145201
20170311144817
20170312150627
20170313150641
20170314144914
20170315145406
20170316150635
20170317144515
20170318142402
20170319135109
20170320141652
20170321142704
20170322145453
20170323145910
20170324150112
20170325145023
20170326135143
20170327135431
20170328134112
20170329140026
20170330134624
20170331133309
20170401141753
20170402134532
20170403135408
20170404134745
20170405135253
20170406135908
20170407140428
20170408134253
20170409133335
20170410134827
20170411135106
20170412133116
20170413134535
20170414130259
20170415133640
20170416131430
20170417133400
20170418133807
20170419133230
20170420133222
20170423135359
20170424134822
20170425133817
20170426133704
20170427135735
20170428133701
20170429135032
20170430134033
20170501130422
20170502135421
20170503133845
20170504143059
20170505133006
20170506134354
20170507135652
20170508132604
20170509130220
20170510140754
20170511134351
20170512134337
20170513131223
20170514130323
20170515134934
20170516134511
20170517135521
20170518140249
20170519133855
20170520134150
20170521152030
20170522132406
20170523114933
20170524131853
20170525134259
20170526134625
20170527132735
20170528134410
20170529132434
20170530134355
20170531133734
20170601132858
20170602134336
20170603123457
20170604130328
20170605134859
20170606134705
20170607123711
20170608134229
20170609141208
20170610132400
20170611125641
20170612135200
20170613125112
20171102144328
20171103141306
20171104143621
20171105144747
20171106141745
20171107144642
20171108143610
20171109143527
20171110144810
20171111141655
20171112134934
20171113144905
20171114145056
20171115145021
20171116144127
20171117143544
20171118142242
20171119142526
20171120144520
20171121142549
20171122150804
20171123144054
20171124143930
20171125141853
20171126143210
20171127142404
20171128142952
20171129144122
20171130142750
20171201145817
20171202144023
20171203143123
20171204150530
20171205143214
20171206143108
20171207145925
20171208145753
20171209143659
20171210144339
20171211150408
20171212143820
20171213145048
20171214142710
20171215144407
20171216144519
20171217144253
20171218145130
20171219144140
20171220143711
20171221143818
20171222143427
20171223143809
20171224144912
20171225145607
20171226145209
20171227161250
20171228144343
20171229150421
20171230143953
20171231145658
20180101143107
20180102144049
20180103144154
20180104144311
20180105145746
20180106151007
20180107145725
20180108145817
20180109143657
20180110145007
20180111145751
20180112145352
20180113144303
20180114150114
20180115173058
20180116144045
20180117144224
20180118144216
20180119145450
20180120145254
20180121145734
20180122144317
20180123143042
20180124150353
20180125145433
20180126145913
20180127144533
20180128145828
20180129144655
20180130145540
20180131150650
20180201145406
20180202145746
20180203144929
20180204144120
20180205145359
20180206150104
20180207145350
20180208145646
20180209151303
20180210144946
20180211152033
20180212150149
20180213163011
20180214145730
20180215150819
20180216150553
20180217150025
20180218142030
20180219144339
20180220150201
20180221145633
20180222145003
20180223144708
20180224144632
20180225144958
20180226143746
20180227145710
20180228144622
20180301144215
20180302151242
20180303145641
20180304144234
20180305144452
20180306144548
20180307150637
20180308145801
20180309144856
20180310143949
20180311144319
20180312150650
20180313145658
20180314144752
20180315145615
20180316145744
20180317144128
20180318144727
20180319153743
20180320145950
20180321145523
20180322150807
20180323144649
20180324150059
20180325140033
20180326140214
20180327143330
20180328134627
20180329134419
20180330133134
20180331135507
20180401132524
20180402134413
20180403135815
20180404135800
20180405134848
20180406135205
20180407140733
20180408134605
20180409140025
20180410135527
20180411141126
20180412135628
20180414141714
20180415140020
20180417135431
20180418134654
20180419134414
20180420135227
20180421135028
20180422135039
20180423134720
20180424134938
20180425134500
20180426133904
20180427132302
20180428134612
20180429133618
20180430134956
20180501134529
20180502134831
20180503134040
20180504133523
20180505133141
20180506130700
20180507135526
20180508134423
20180509135421
20180510125515
20180511135726
20180512133312
20180513132518
20180514135015
20180515134314
20180516133447
20180517143549
20180518131303
20180519135949
20180520134258
20180521135759
20180522134921
20180523134622
20180524133850
20180525133809
20180526133825
20180527133831
20180528134621
20180529134344
20180530132810
20180531134830
20180601132830
20180602133719
20180603125045
20180604133433
20180605134934
20180606134532
20180607134154
20180608135015
20180609133220
20180610130250
20180611140514
20181029145514
20181030143651
20181031142650
20181101141012
20181102145620
20181103140824
20181104141915
20181105144235
20181106144255
20181107145600
20181108144128
20181109142953
20181110141235
20181111141208
20181112144142
20181113142559
20181114144256
20181115151837
20181116141144
20181117144514
20181118135341
20181119145401
20181120144119
20181121144503
20181122145659
20181123142054
20181124145134
20181125142030
20181127150900
20181128145300
20181129143915
20181130143036
20181201145240
20181202144708
20181203145245
20181204143809
20181205142931
20181206145026
20181207144533
20181208142201
20181209140446
20181210142428
20181211144653
20181212142109
20181214074838
20181215144045
20181216142552
20181217145450
20181218144410
20181219144023
20181220142408
20181221143328
20181222144918
20181223144144
20181224144837
20181225143048
20181226144258
20181227135652
20181228141658
20181229144129
20181230144332
20181231140012
20190101135947
20190102142133
20190103144502
20190104142701
20190105144309
20190106143349
20190107143851
20190108143557
20190109144904
20190110145646
20190111143850
20190112144611
20190113144155
20190114145606
20190115144314
20190116144018
20190117143024
20190118150027
20190119145441
20190120144325
20190121144514
20190122150507
20190123145630
20190124085727
20190125144922
20190126081705
20190127145524
20190128150633
20190129075005
20190130145911
20190131144441
20190201150559
20190202144247
20190203144713
20190204144756
20190205144843
20190206143916
20190207144517
20190208144402
20190209145649
20190210150335
20190211144741
20190212144625
20190213144931
20190214144819
20190215143731
20190216142744
20190217143523
20190218145103
20190219145241
20190220143113
20190221145753
20190222143928
20190223143527
20190224141739
20190225144551
20190226144322
20190227144233
20190228144401
20190301144721
20190302143813
20190303144437
20190304143906
20190305144333
20190306074706
20190307144604
20190308145239
20190309144131
20190310145016
20190311144929
20190312145943
20190313144058
20190314141749
20190316144517
20190320143830
20190322144159
20190323145240
20190324145022
20190325143519
20190326144307
20190327135825
20190328142003
20190329145010
20190330143940
20190331134513
20190401140244
20190402135836
20190403134338
20190404134511
20190405140147
20190406140432
20190407140545
20190408133211
20190409134604
20190410074348
20190411134936
20190412135203
20190413134029
20190414133740
20190415135300
20190416142835
20190417134419
20190418133319
20190419133306
20190420134857
20190421140132
20190422133518
20190423134236
20190424140842
20190425135838
20190426133610
20190427140412
20190429135226
20190430132020
20190501132602
20190502135521
20190503131450
20190504130545
20190505133810
20190506140645
20190507132219
20190508134055
20190509132142
20190510131848
20190511131623
20190512134310
20190513133131
20190514135020
20190515134540
20190516135226
20190517140050
20190518133929
20190519132825
20190520132331
20190521134305
20190522123107
20190523132056
20190524133840
20190525134429
20190526132504
20190527140056
20190528134710
20190529135154
20190530135715
20190531134605
20190601135553
20190602140309
20190603135636
20190604132613
20190605132604
20190606131051
20190607131326
20190608135411
20190609135652
20190610133506
20190611135014
20190612135043
20191030140357
20191031135906
20191101140000
20191102143137
20191103141527
20191104143942
20191105142438
20191106142201
20191107144702
20191108143539
20191109141047
20191110141842
20191111144458
20191112143739
20191113142427
20191114144701
20191115150333
20191116145756
20191117150034
20191118144053
20191119145038
20191120153631
20191121145034
20191122143601
20191123143525
20191124143839
20191125144903
20191126140031
20191127151048
20191128150350
20191129142921
20191130150523
20191201150109
20191202145846
20191203142742
20191204144253
20191206145152
20191207143004
20191208143518
20191209144713
20191211145842
20191212144616
20191213150154
20191214150344
20191215145256
20191216145152
20191218145917
20191219145045
20191220145005
20191221145609
20191222144915
20191223150127
20191224150154
20191225141514
20191226143857
20191227143431
20191228144834
20191229145106
20191230144703
20191231142649
20200101143550
20200102145731
20200103145050
20200104144043
20200105135417
20200106150010
20200107144834
20200108144026
20200110144143
20200111144414
20200112144203
20200113143915
20200114144220
20200115143522
20200116143431
20200117144515
20200118145359
20200119145759
20200120142055
20200121144547
20200122150435
20200123151309
20200124144600
20200125143951
20200126152134
20200127150439
20200128144049
20200129151452
20200130144524
20200131144148
20200201143958
20200202143822
20200203144204
20200204144137
20200205144206
20200206145029
20200207150032
20200208141120
20200209143810
20200210144357
20200211144315
20200212144343
20200213141129
20200215145720
20200216145038
20200217144134
20200218143212
20200219144614
20200220144657
20200221141121
20200222140456
20200223142551
20200224145646
20200225145332
20200226144328
20200227143257
20200228150516
20200229144830
20200301144746
20200302150213
20200303150130
20200304145321
20200305145132
20200306145615
20200307151142
20200308144002
20200309144941
20200310144804
20200311144806
20200312145013
20200313144621
20200314144617
20200315151319
20200316150422
20200317144256
20200318145359
20200319150354
20200320135444
20200321142647
20200322144803
20200323142342
20200324144326
20200325144253
20201102144934
20201103143800
20201104145120
20201105144216
20201106144141
20201107135314
20201108145124
20201109144707
20201110141404
20201111140421
20201112141451
20201113143239
20201114141015
20201115143603
20201116144902
20201117141912
20201118140828
20201119143929
20201120140809
20201121135916
20201122134937
20201123141849
20201124140038
20201125140629
20201126143628
20201127143605
20201128135730
20201129141608
20201130144347
20201201144619
20201202135634
20201203145253
20201204143120
20201205142950
20201206145952
20201207143816
20201208145530
20201209144643
20201210143902
20201214144304
20201215144630
20201217143344
20201218143939
20201219145331
20201220144512
20201221150746
20201222141515
20201223145400
20201224150400
20201225144106
20201226143803
20201227145015
20201228150716
20201229143529
20201230144839
20201231144103
20210101142610
20210102144614
20210103144452
20210104144217
20210105145411
20210106143954
20210107150118
20210108144727
20210109145214
20210110145140
20210111141939
20210112143344
20210115144530
20210116144416
20210117144326
20210118145854
20210119145037
20210120144125
20210121143620
20210122145004
20210123150304
20210124143725
20210125144417
20210126144640
20210127143547
20210128141942
20210129144424
20210130145528
20210131145123
20210201144015
20210202145527
20210203145046
20210204145228
20210205143929
20210206144809
20210207144634
20210208145712
20210209145214
20210210144542
20210211144119
20210212145809
20210213145222
20210214140851
20210215144105
20210216144419
20210217140902
20210218145816
20210219144726
20210220145514
20210221145211
20210222144152
20210223144458
20210224145931
20210225145549
20210226144736
20210227144309
20210228144344
20210301144842
20210302145113
20210303144341
20210304144418
20210305144051
20210306144512
20210307144520
20210308144657
20210309144537
20210310145539
20210311141917
20210312144521
20210313145535
20210314145341
20210315144510
20210316143501
20210317144313
20210318145352
20210319145645
20210320144353
20210321144600
20210322145229
20210323145620
20210324144659
20210325144608
20210326145139
20210327152103
20210328131120
20210329134619
20210330134522
20210331140134
20210410134458
20210411134821
20210412134555
20210413132537
20210414135112
20210415134619
20210416134405
20210417132241
20210418132741
20210419134830
20210420134349
20210421135650
20210422135313
20210423134443
20210424135410
20210425134522
20210426134736
20210427134321
20210428134845
20210429134357
20210430134115
20210501134656
20210502134653
20210503134715
20210504134602
20210505131647
20210506134426
20210507134044
20210508141323
20210509140928
20210510134253
20210511132833
20210512140729
20210513134932
20210514134646
20210515134122
20210516134629
20210517133437
20210518132457
20210519133707
20210520134350
20210521133631
20210522134953
20210523134828
20210524133818
20210525134637
20210526132721
20210527134957
20210528132411
20210529133629
20210530133129
20210531134404
20210601133803
20210602133852
20210603134833
20210604132329
20210605133224
20210606133315
20210607133227
20210608125143
20210609125706
20210610133827
20211020141758
20211022142617
20211102144919
20211103150733
20211104143022
20211105144535
20211106144914
20211107144526
20211108150507
20211109144337
20211110142054
20211111142515
20211112144224
20211113144038
20211114150241
20211115144202
20211116144624
20211117144705
20211118143939
20211119134836
20211120144523
20211121145144
20211122144359
20211123145355
20211124075956
20211125143945
20211126143141
20211127151342
20211128150310
20211129145014
20211130143506
20211201073300
20211202145143
20211203144630
20211204081318
20211205145130
20211206150031
20211207143837
20211208145058
20211209150357
20211210145348
20211211144428
20211212144948
20211213093700
20211214144844
20211215144346
20211216144215
20211217144801
20211218150551
20211219143155
20211220144850
20211221142541
20211222143812
20211223144729
20211224143453
20211225144016
20211226144527
20211227091037
20211228144040
20211229144624
20211230144504
20211231141010
20220101143311
20220102143258
20220103144411
20220104144931
20220105144846
20220106144715
20220107145230
20220108144029
20220109145421
20220110145245
20220111143442
20220112144125
20220113144432
20220114144211
20220115141635
20220116143518
20220117142650
20220118142513
20220119144927
20220120150316
20220121144545
20220122144807
20220123144810
20220124144608
20220125144717
20220126144423
20220127143938
20220128144514
20220129144650
20220130145210
20220131144842
20220201145203
20220202143829
20220203144120
20220204143956
20220205142332
20220206143521
20220207145417
20220208141825
20220209143236
20220210143509
20220211142742
20220212141930
20220213144903
20220214145317
20220215144720
20220216145552
20220217150750
20220218145156
20220219143524
20220220144120
20220221145116
20220222143846
20220223141958
20220224142946
20220225143832
20220226144626
20220227144437
20220228141421
20220301142536
20220302144330
20220303143752
20220304150400
20220305144156
20220306144119
20220307144331
20220308145715
20220309144207
20220310144534
20220311143838
20220312144621
20220313144446
20220314145917
20220315151212
20220316092746
20220317144524
20220318144626
20220319143724
20220320143436
20220321144738
20220322142440
20220323144020
20220324143954
20220325142032
20220326144337
20220327134036
20220328133210
20220329135100
20220330141732
20220331141719
20220401135250
20220402135723
20220403133639
20220404134706
20220405134422
20220406135534
20220407133514
20220408134259
20220409140307
20220410133013
20220411140627
20220412133257
20220413135337
20220414133458
20220415135404
20220416133214
20220417134345
20220418134227
20220419144325
20220420140416
20220421141927
20220422141313
20220423134856
20220424134914
20220425133808
20220426134947
20220427133634
20220428134700
20220429134441
20220430133731
20220501133628
20220502134155
20220504134928
20220505132350
20220506133649
20220507134405
20220508134934
20220509133332
20220510133215
20220511130725
20220512134227
20220513134721
20220514130844
20220515133106
20220516132132
20220517134322
20220518135719
20220519140220
20220520125712
20220521132528
20220522132241
20220523134713
20220524134527
20220525133723
20220526133455
20220527134019
20220528134433
20220529134228
20220530135848
20220531134406
20220601133347
20220602133124
20220603134339
20220604133534
20220605121600
20220606132851
20220607134354
20220608133555
20220609144124
20221102144847
20221103153849
20221104152337
20221105142813
20221106142823
20221107150002
20221108144441
20221109144154
20221110142358
20221111142831
20221112143704
20221113144522
20221114150508
20221115150121
20221116144519
20221117142827
20221118144936
20221119144925
20221120150625
20221121144512
20221122145541
20221123144810
20221128144108
20221129153946
20221130145045
20221201150208
20221202144400
20221203143756
20221204144848
20221206143933
20221207144257
20221208144726
20221209144042
20221210151558
20221211144126
20221212144435