20160401135201
20160402134201
20160403134701
20160404141201
20160405143701
20160406141701
20160407135202
20160409140702
20160410135202
20160411134701
20160412134201
20160413134702
20160414140702
20160415132701
20160417122201
20160418134201
20160419134702
20160420130702
20160421130702
20160422140701
20160423141201
20160424125202
20161103145541
20161104143151
20161106140037
20161107134717
20161108145245
20161109140131
20161110143748
20161111160847
20161112135649
20161113143933
20161114141218
20161115151007
20161116143521
20161117143020
20161118132018
20161119140447
20161120134415
20161121144933
20161122135151
20161123144004
20161124151714
20161125142336
20161126150949
20161127151106
20161128143520
20161129144855
20161130142833
20161201140150
20161202150929
20161203141958
20161204140127
20161205140057
20161206151310
20161207154218
20161208141938
20161209141235
20161210135445
20161211145826
20161212145657
20161213133801
20161214152108
20161215140349
20161216140821
20161217150435
20161218153923
20161220153738
20161221143527
20161222143410
20161223155923
20161224140522
20161225142441
20161226154148
20161227143540
20161228145312
20161229142701
20161230142901
20161231152315
20170101141542
20170102142555
20170103152351
20170104151424
20170105140210
20170106154955
20170107141822
20170108141947
20170109141412
20170110155613
20170111145538
20170112150806
20170113154923
20170114145013
20170115142043
20170116153620
20170117143932
20170118142558
20170119144901
20170120144115
20170121143901
20170122133304
20170123152746
20170124150544
20170125154138
20170126143954
20170127143907
20170128154455
20170129144607
20170130153658
20170131154811
20170201145856
20170202145338
20170203154158
20170204145135
20170205151101
20170206145935
20170207144856
20170208154259
20170209144101
20170210143737
20170211142046
20170212153049
20170213141734
20170214151320
20170215153154
20170216142754
20170217143611
20170218153845
20170219141617
20170220143332
20170221150406
20170222150315
20170223144333
20170224151559
20170225144313
20170226142948
20170227144612
20170228144246
20170301160035
20170302145348
20170303145411
20170304152634
20170305145846
20170306143545
20170307150418
20170308153449
20170309142438
20170310154305
20170311140211
20170312142946
20170313145517
20170314153107
20170315135956
20170316143828
20170317153725
20170318145628
20170319143226
20170320151115
20170321144558
20170322144422
20170323150602
20170324144555
20170325143515
20170326140357
20170327134727
20170328133309
20170329141025
20170330134557
20170331133153
20170401140934
20170402140507
20170403143629
20170404143031
20170405134340
20170406132656
20170407132411
20170408131931
20170409133302
20170410131150
20170411142808
20170412131912
20170413132732
20170414132146
20170415133003
20170416142025
20170417131342
20170418130913
20170419143333
20170420132155
20170423131614
20170424131034
20170425132749
20170426132959
20170427135247
20170428130804
20170429125645
20170430131959
20170501125204
20170502144126
20170503134159
20170504121228
20170505131626
20170506133405
20170507130311
20170508132830
20170509135928
20170511133345
20170512133042
20170513135815
20170514124453
20170515135537
20170516131514
20170517132700
20170518130908
20170519145450
20170520131733
20170521103109
20170522144007
20170523130943
20170524124850
20170525131856
20170526124907
20170527124544
20170528132930
20170529124943
20170530135215
20170531125430
20170601124701
20170602124531
20170603134752
20170604121654
20170605132514
20170606123807
20170607145410
20170608122757
20170609134512
20170610130111
20170611132621
20170612133620
20171102144336
20171103154628
20171104142238
20171105135703
20171106143501
20171107141239
20171108144611
20171109143736
20171110145120
20171111143306
20171112142454
20171113150041
20171114141715
20171115144850
20171117150624
20171118142826
20171119135709
20171120141510
20171121140232
20171122140437
20171123143709
20171124144007
20171125152101
20171126143153
20171127141259
20171128151622
20171129141148
20171130150249
20171201152130
20171202142258
20171203150258
20171204150627
20171205142530
20171206145906
20171207153525
20171208144231
20171209151140
20171210152027
20171211144825
20171212152714
20171213145123
20171214144345
20171215151634
20171216155704
20171217145108
20171218145505
20171219143633
20171220153849
20171221144445
20171222154135
20171223143507
20171224145050
20171225144802
20171226145108
20171227153701
20171228143418
20171229153427
20171230154254
20171231143034
20180101153632
20180102145500
20180103142522
20180104154001
20180105145014
20180106152534
20180107154037
20180108151411
20180109143315
20180110154110
20180111145831
20180112144439
20180113151952
20180114143826
20180115144823
20180116144826
20180117145113
20180118144605
20180119144845
20180120150051
20180121151800
20180122160233
20180123152823
20180124145719
20180125154224
20180126144316
20180127144548
20180128140006
20180129144849
20180130142013
20180131150647
20180201142703
20180202151503
20180203152350
20180204142018
20180205152834
20180206143434
20180207144114
20180208152701
20180209143428
20180210141634
20180211154455
20180212144305
20180213151516
20180214154836
20180215143248
20180216150931
20180217154341
20180218142710
20180219143152
20180220143627
20180221144852
20180222144644
20180223144405
20180224154725
20180225151149
20180226143958
20180227154228
20180228144027
20180301145133
20180302155456
20180303150108
20180304152407
20180305154113
20180306150724
20180307145451
20180308150932
20180309154455
20180310142830
20180311144011
20180312144810
20180313145411
20180314145017
20180315155602
20180316144551
20180317143027
20180318130319
20180319143922
20180320143159
20180321155142
20180322144307
20180323143626
20180324152413
20180325133948
20180326135642
20180327144647
20180328134454
20180329133507
20180330143920
20180331134029
20180401134114
20180402142210
20180403141620
20180404133339
20180405143928
20180406150111
20180407134002
20180408143800
20180409135001
20180410134545
20180411143542
20180412141301
20180413135029
20180414134252
20180415134945
20180417134753
20180418135001
20180419132347
20180420134405
20180421134117
20180422132215
20180423132246
20180424131905
20180425144139
20180426140548
20180427133009
20180428132011
20180429141454
20180430135123
20180501131313
20180502133042
20180503140614
20180504142518
20180505134835
20180506134518
20180507142042
20180508131626
20180509135733
20180510125852
20180511130358
20180512123739
20180513131753
20180514133617
20180515132828
20180516130305
20180517132944
20180518134055
20180519121243
20180520132320
20180521123204
20180522130523
20180523133607
20180524131000
20180525122119
20180526125137
20180527130638
20180528125748
20180529133304
20180530130718
20180531123148
20180601132054
20180602112458
20180603130444
20180604124813
20180605115138
20180606122405
20180607125723
20180608110301
20180609124559
20180610122238
20180611125556
20181029154407
20181030141542
20181031150238
20181101154726
20181102155035
20181103150359
20181104142339
20181105140937
20181106153233
20181107154756
20181108144059
20181109140939
20181110141643
20181111142518
20181112153318
20181113131714
20181114152630
20181115143027
20181116140741
20181117142030
20181118143337
20181119150144
20181120145327
20181121143436
20181122142659
20181123142745
20181124150435
20181125154636
20181127143049
20181128143602
20181129143806
20181130141543
20181201151438
20181202153717
20181203144415
20181204145149
20181205152440
20181206153416
20181207145348
20181208152726
20181209144010
20181210144725
20181211142929
20181212143857
20181213153634
20181214142514
20181215153909
20181216145648
20181217144424
20181218143218
20181219150521
20181220152609
20181221152823
20181222150138
20181223142510
20181224142828
20181225145520
20181226152737
20181227152414
20181228144300
20181229141408
20181230142052
20181231142554
20190101144807
20190102151855
20190103144347
20190104141349
20190105143214
20190106142026
20190107152451
20190108153442
20190109150358
20190110144019
20190111144514
20190112152353
20190113151912
20190114154303
20190115145602
20190116145513
20190117144453
20190118144609
20190119153314
20190120150310
20190121143205
20190122140600
20190123152828
20190124145412
20190125153722
20190126145226
20190127143259
20190128142350
20190129150549
20190130153005
20190131151931
20190201145549
20190202143721
20190203143058
20190204145924
20190205152823
20190206154128
20190207144027
20190208143643
20190209143635
20190210143906
20190211153455
20190212153825
20190213144303
20190214143347
20190215143451
20190216142104
20190217153227
20190218152652
20190219142823
20190220135716
20190221144219
20190222144917
20190223153050
20190224152624
20190225143609
20190226144405
20190227143851
20190228143205
20190301153648
20190302144304
20190303145639
20190304144550
20190305064152
20190306150028
20190307153008
20190308152931
20190309145856
20190310144649
20190311144301
20190312145724
20190313150341
20190314145747
20190315145315
20190316143746
20190317143722
20190318150315
20190319153854
20190320153911
20190322145410
20190323154859
20190324152749
20190325141235
20190326140309
20190327144529
20190328143638
20190329153756
20190330150731
20190331133001
20190401140616
20190402143408
20190403143255
20190404141648
20190405134432
20190406134043
20190407141613
20190408140046
20190409134031
20190410140240
20190411144926
20190412144211
20190413135815
20190414133331
20190415133423
20190416142353
20190417144258
20190418143819
20190419134631
20190420131414
20190421133122
20190422134619
20190423132829
20190424132659
20190425140034
20190426134119
20190427133141
20190429144819
20190430144828
20190501134912
20190502134052
20190503132520
20190504142220
20190505144414
20190506143113
20190507134152
20190508132737
20190509134152
20190510134455
20190511131814
20190512144052
20190513144314
20190514123926
20190515121631
20190516144113
20190517133541
20190518135923
20190519134218
20190520133146
20190521125650
20190522131843
20190523144605
20190524133207
20190525132022
20190526133450
20190527144241
20190528133444
20190529140238
20190530122749
20190531123534
20190601130906
20190602133104
20190603130353
20190605130606
20190606141643
20190607130841
20190608133741
20190609133305
20190610140256
20190611131319
20190612125222
20191030150709
20191031150748
20191101150042
20191102143154
20191103145600
20191104150252
20191105150339
20191106151756
20191107150008
20191108150143
20191109150120
20191110143001
20191111150409
20191112144434
20191113140435
20191114144830
20191115144150
20191116145032
20191117144407
20191118144024
20191119143741
20191120140809
20191121143012
20191122143959
20191123142319
20191124140543
20191125143115
20191126143834
20191127151021
20191128150432
20191129150909
20191130143656
20191201141818
20191202151515
20191203143052
20191204144404
20191205141919
20191206144235
20191207142509
20191208133554
20191209145922
20191210144347
20191211141516
20191212143108
20191213150042
20191214144318
20191215143942
20191216143949
20191217144348
20191218150052
20191219151418
20191220145943
20191221143000
20191222144224
20191223141219
20191224145946
20191225144122
20191226145859
20191227140857
20191228142838
20191229142606
20191230145542
20191231143808
20200101144743
20200102142713
20200103144348
20200104135841
20200105142411
20200106142652
20200107141817
20200108144329
20200109144329
20200110143441
20200111145735
20200112145000
20200113142848
20200114143302
20200115142644
20200116145608
20200117144119
20200118145440
20200119143631
20200120150915
20200121145444
20200122144947
20200123150321
20200124141022
20200125143322
20200126143321
20200127141144
20200128145446
20200129144516
20200130144819
20200131143934
20200201144754
20200202144851
20200203144307
20200204152409
20200205144613
20200206151210
20200207145350
20200208143352
20200209144843
20200210144902
20200211144940
20200212151105
20200213142618
20200215153817
20200216142815
20200217144714
20200218150256
20200219144456
20200221145425
20200222145136
20200223144120
20200224150019
20200225143407
20200226142849
20200227153610
20200228144421
20200229145743
20200301151245
20200302144216
20200303145916
20200304145827
20200305152103
20200306151746
20200307143440
20200308144423
20200309144034
20200310144358
20200311144706
20200312145651
20200313152528
20200314144640
20200315140914
20200316141435
20200317150052
20200318145221
20200319143525
20200320143216
20200321135708
20200322142600
20200323143603
20200324142214
20200325134948
20200511135812
20200512132547
20200513141208
20200514134221
20200515134758
20200516134850
20200517144959
20200518132352
20200519134447
20200520135511
20200521133532
20200522132614
20200523140258
20200524134302
20200525131339
20200526132345
20200527133126
20200528150410
20200529124157
20200530134411
20200531130920
20200601135020
20200602130844
20200603130615
20200604134517
20200605134234
20200606133919
20200607134204
20200608134122
20200609134252
20200610134309
20201028142633
20201029125729
20201030153402
20201102161807
20201103141018
20201104134318
20201105142935
20201106144011
20201107150113
20201108130834
20201109134111
20201110132635
20201111132540
20201112150743
20201113143242
20201114140741
20201115141903
20201116132530
20201117150549
20201118145459
20201119143355
20201120144551
20201121135652
20201122135827
20201123143548
20201124144930
20201125145138
20201126142141
20201127144734
20201128143619
20201129142028
20201130150648
20201201142006
20201202142648
20201203143136
20201204145502
20201205143644
20201206143743
20201207140441
20201208144352
20201209144744
20201210143510
20201214142751
20201215141854
20201217142614
20201218141110
20201219143533
20201220145639
20201221145752
20201222144656
20201223143151
20201224143330
20201225141620
20201226150015
20201227144731
20201228144343
20201229150218
20201230144112
20201231141208
20210101143819
20210102143150
20210103143905
20210104150010
20210105144903
20210106145240
20210107135117
20210108143141
20210109144950
20210111113934
20210112141744
20210115144722
20210116143035
20210117152154
20210118144841
20210119143726
20210120150402
20210121142055
20210122144615
20210123145258
20210124143623
20210125145850
20210126143121
20210127144057
20210128141159
20210129145600
20210130142947
20210131144904
20210201153245
20210202144737
20210203144821
20210204142847
20210205144844
20210206144823
20210207145211
20210208151835
20210209174818
20210210142409
20210211143958
20210212150335
20210213144501
20210214144316
20210215144429
20210216150133
20210217145101
20210218141736
20210219142444
20210220143721
20210221143400
20210222134805
20210223140137
20210224142655
20210225142607
20210226130958
20210227144352
20210228142929
20210301135439
20210302142149
20210303141843
20210304144535
20210305135708
20210306141834
20210307141311
20210308144443
20210309143045
20210310141717
20210311142223
20210312141722
20210313142326
20210314142752
20210315144640
20210316142232
20210317143857
20210318143259
20210319140029
20210320142553
20210321144518
20210322142308
20210323143416
20210324143220
20210325150525
20210326151255
20210327143202
20210328132113
20210329132830
20210330133413
20210331134937
20210410131400
20210411134918
20210412132914
20210413132513
20210414125239
20210415132752
20210416135809
20210417130726
20210418132139
20210419132303
20210420131948
20210421132634
20210422135225
20210423132416
20210424131433
20210425124816
20210426135041
20210427135140
20210428135343
20210429134303
20210430123710
20210501131636
20210502131118
20210503132252
20210504134901
20210505133839
20210506132827
20210507133217
20210508133656
20210509135735
20210510134952
20210511133050
20210512133745
20210513132910
20210514133227
20210515133536
20210516132259
20210517132113
20210518132108
20210519134214
20210520134812
20210521131648
20210522134057
20210523131701
20210524131753
20210525125914
20210526134923
20210527130659
20210528131523
20210529130541
20210530135652
20210531133650
20210601131801
20210602133341
20210603131108
20210604140811
20210605134023
20210606130655
20210607135122
20210608132603
20210609132432
20211102151516
20211103140630
20211104143000
20211105142715
20211106144735
20211107140700
20211108140801
20211109135154
20211110151318
20211111144609
20211112142353
20211113143736
20211114145023
20211115095642
20211116150355
20211117143503
20211118142149
20211119144647
20211120151640
20211121143312
20211122142004
20211123133743
20211124141156
20211125143154
20211126143117
20211127144058
20211128142649
20211129142848
20211130143037
20211201143614
20211202142350
20211203145351
20211204143358
20211205142342
20211206143557
20211207145249
20211208144534
20211209150256
20211210143010
20211211142622
20211212144007
20211213144243
20211214143525
20211215135911
20211216142621
20211217143615
20211218141523
20211219140141
20211220150204
20211221141354
20211222144131
20211223143801
20211224141634
20211225142719
20211226141929
20211227143826
20211228142604
20211229143454
20211230142214
20211231141441
20220101142755
20220102143348
20220103142117
20220104144140
20220105144947
20220106143959
20220107144144
20220108142445
20220109142314
20220110144809
20220111142840
20220112143029
20220113141624
20220114142451
20220115143612
20220116141441
20220117150016
20220118143253
20220119151720
20220120141946
20220121141729
20220122143133
20220123143222
20220124145240
20220125142538
20220126141737
20220127142017
20220128142520
20220129144249
20220130144348
20220131143646
20220201142700
20220202142950
20220203150437
20220204144407
20220205141013
20220206142352
20220207160408
20220208143928
20220209143921
20220210143021
20220211154844
20220212143124
20220213145016
20220214143404
20220215142711
20220216144622
20220217144228
20220218145530
20220219143458
20220220143542
20220221144200
20220222142552
20220223142015
20220224143453
20220225143424
20220226143534
20220227142453
20220228150738
20220301142851
20220302142106
20220303142830
20220304141721
20220305142626
20220306142747
20220307143419
20220308143734
20220309142903
20220310143137
20220311145509
20220312140556
20220313143904
20220314150135
20220315143334
20220316142738
20220317144331
20220318143133
20220319144416
20220320143813
20220321143919
20220322135416
20220323144454
20220324144002
20220325140549
20220326144244
20220327135437
20220328140322
20220329131528
20220330134214
20220331134036
20220401132923
20220402132719
20220403132525
20220404135104
20220405133323
20220406133652
20220407133448
20220408135842
20220409133213
20220410133921
20220411135250
20220412125301
20220413134832
20220414133349
20220415132253
20220416134011
20220417132322
20220418132157
20220419141819
20220420134318
20220421132721
20220422131835
20220423135634
20220424134300
20220425133930
20220426132953
20220427131149
20220428131816
20220429133017
20220430133437
20220501130353
20220502133215
20220504133520
20220505133334
20220506134348
20220507133437
20220508133501
20220509132437
20220510133835
20220511132640
20220512133040
20220513131004
20220514132947
20220515131201
20220516133320
20220517133755
20220518133031
20220519133131
20220520132945
20220521130355
20220522133852
20220523132626
20220524133556
20220525134808
20220526134241
20220527132251
20220528132200
20220529132303
20220530133709
20220531133123
20220602072155
20220603135011
20220604140212
20220605132641
20220606134807
20220607132629
20220608132014
20220609133128
20221102135013
20221103145543
20221104141551
20221105142346
20221106141357
20221107134701
20221108141755
20221109144332
20221110142929
20221111142604
20221112141854
20221113140954
20221114141915
20221115141758
20221116142720
20221117142303
20221118145659
20221119143546
20221120143517
20221121065907
20221122142741
20221123145138
20221128143353
20221129144149
20221130145059
20221201161935
20221202143221
20221203142717
20221204143151
20221206145825
20221207143008
20221208143209
20221209144024
20221210144201
20221211150300
20221212142459
20221213143255
20221214142502
20221215143235