20160401140702
20160402140702
20160403140702
20160404140702
20160405141701
20160406140702
20160407140702
20160409134702
20160410135202
20160411141701
20160412134702
20160413133202
20160414140703
20160415140702
20160417132702
20160418140701
20160419134201
20160420140701
20160421145201
20160422134201
20160423140702
20160424142201
20161103150217
20161104145754
20161105151219
20161106144300
20161107160410
20161108145441
20161109142907
20161110152716
20161111133813
20161112144333
20161113141712
20161114142617
20161115142212
20161116142910
20161117144347
20161118144806
20161119135827
20161120131517
20161121144707
20161122135822
20161123151503
20161124154448
20161125132402
20161126142148
20161127141149
20161128151348
20161129133511
20161130143631
20161201143252
20161202142501
20161203143514
20161204144437
20161205145127
20161206134427
20161207144356
20161208162255
20161209132821
20161210142149
20161211140016
20161212161317
20161213134242
20161214143730
20161215140816
20161216141216
20161217141756
20161218142258
20161220143212
20161221145314
20161222153156
20161223145428
20161224144930
20161225140535
20161226141328
20161227140213
20161228142806
20161229144323
20161230142203
20161231140121
20170101144822
20170102142333
20170103142926
20170104143721
20170105144403
20170106143224
20170107145516
20170108142619
20170109143518
20170110145427
20170111145703
20170112153526
20170113150403
20170114143200
20170115143547
20170116144113
20170117143507
20170118144415
20170119145201
20170120144307
20170121145310
20170122145029
20170123144516
20170124141059
20170125141858
20170126145102
20170127144639
20170128143242
20170129143351
20170130144635
20170131145118
20170201145456
20170202145015
20170203144859
20170204144024
20170205150050
20170206144918
20170207144841
20170208145631
20170209142703
20170210144725
20170211143341
20170212143503
20170213144633
20170214145313
20170215143646
20170216141954
20170217143521
20170218144044
20170219142934
20170220145115
20170221143146
20170222143921
20170223144202
20170224145625
20170225145116
20170226145357
20170227144928
20170228145112
20170301144723
20170302150608
20170303145014
20170304160529
20170305150522
20170306145615
20170307145134
20170308151310
20170309144812
20170310145201
20170311144817
20170312150627
20170313150641
20170314144914
20170315145406
20170316150635
20170317144515
20170318142402
20170319135109
20170320141652
20170321142704
20170322145453
20170323145910
20170324150112
20170325145023
20170326135143
20170327135431
20170328134112
20170329140026
20170330134624
20170331133309
20170401141753
20170402134532
20170403135408
20170404134745
20170405135253
20170406135908
20170407140428
20170408134253
20170409133335
20170410134827
20170411135106
20170412133116
20170413134535
20170414130259
20170415133640
20170416131430
20170417133400
20170418133807
20170419133230
20170420133222
20170423135359
20170424134822
20170425133817
20170426133704
20170427135735
20170428133701
20170429135032
20170430134033
20170501130422
20170502135421
20170503133845
20170504143059
20170505133006
20170506134354
20170507135652
20170508132604
20170509130220
20170510140754
20170511134351
20170512134337
20170513131223
20170514130323
20170515134934
20170516134511
20170517135521
20170518140249
20170519133855
20170520134150
20170521152030
20170522132406
20170523114933
20170524131853
20170525134259
20170526134625
20170527132735
20170528134410
20170529132434
20170530134355
20170531133734
20170601132858
20170602134336
20170603123457
20170604130328
20170605134859
20170606134705
20170607123711
20170608134229
20170609141208
20170610132400
20170611125641
20170612135200
20170613125112
20171102144328
20171103141306
20171104143621
20171105144747
20171106141745
20171107144642
20171108143610
20171109143527
20171110144810
20171111141655
20171112134934
20171113144905
20171114145056
20171115145021
20171116144127
20171117143544
20171118142242
20171119142526
20171120144520
20171121142549
20171122150804
20171123144054
20171124143930
20171125141853
20171126143210
20171127142404
20171128142952
20171129144122
20171130142750
20171201145817
20171202144023
20171203143123
20171204150530
20171205143214
20171206143108
20171207145925
20171208145753
20171209143659
20171210144339
20171211150408
20171212143820
20171213145048
20171214142710
20171215144407
20171216144519
20171217144253
20171218145130
20171219144140
20171220143711
20171221143818
20171222143427
20171223143809
20171224144912
20171225145607
20171226145209
20171227161250
20171228144343
20171229150421
20171230143953
20171231145658
20180401132524
20180402134413
20220424134914
20220425133808