20181217154143
20181218160851
20181219153828
20181220152259
20181221150805
20181222151237
20181223153243
20181224150855
20181225150356
20181226145414
20181227145057
20181228145248
20181229152022
20181230145522
20181231145523
20190101151352
20190102152638
20190103150704
20190104145900
20190105150354
20190106150230
20190107151815
20190108150712
20190109153436
20190110145831
20190111153852
20190112151506
20190113154416
20190114152105
20190115155319
20190116151231
20190117150602
20190118151909
20190119150037
20190120150109
20190121150732
20190122150150
20190123153905
20190124150454
20190125145827
20190126152847
20190127152816
20190128154626
20190129161827
20190130152626
20190131151406
20190201152033
20190202150631
20190203150648
20190204151859
20190205145532
20190206152345
20190207145449
20190208150458
20190209151908
20190210152154
20190211150711
20190212151707
20190213151612
20190214150727
20190215145635
20190216151335
20190217151304
20190218150044
20190219150536
20190220150331
20190221151602
20190222145754
20190223151007
20190224151819
20190225145410
20190226145433
20190227150056
20190228145407
20190301151832
20190302150618
20190303150243
20190304152415
20190305151617
20190306150723
20190307151341
20190308153314
20190309152426
20190310151407
20190311153751
20190312152428
20190313153751
20190314150510
20190315161039
20190316153221
20190317152934
20190318151040
20190320151149
20190322151023
20190323152320
20190324150758
20190325152939
20190326152117
20190327152710
20190328135906
20190329150341
20190330151725
20190331140828
20190401141003
20190402143721
20190403143018
20190404143331
20190405143251
20190406141609
20190407140924
20190408134724
20190409142505
20190410140221
20190411142623
20190412143318
20190413141906
20190414141628
20190415142126
20190416143428
20190417140630
20190418140845
20190419140252
20190420142157
20190421141127
20190422141547
20190423143413
20190424151153
20190425143046
20190426141713
20190427143338
20190429141947
20190430140732
20190501140136
20190502140028
20190503143046
20190504141413
20190505140107
20190506140527
20190507143512
20190508133811
20190509132306
20190510142124
20190511135706
20190512140057
20190513133147
20190514144734
20190515140333
20190516140353
20190517144001
20190518140159
20190519140220
20190520140224
20190521141022
20190522140334
20190523140215
20190524142147
20190525134420
20190526135406
20190527140000
20190528142843
20190529140055
20190530135125
20190531134217
20190601142357
20190602120543
20190603120540
20190604144640
20190605140009
20190606135739
20190607124105
20190608135133
20190609140111
20190610140508
20190611135507
20190612142647
20191030150930
20191031144052
20191101150716
20191102145459
20191103142648
20191104151258
20191105144313
20191106144944
20191107150014
20191108170809
20191109152508
20191110151459
20191111144915
20191112151139
20191113145052
20191114151416
20191115151128
20191116150544
20191117150727
20191118151406
20191119151819
20191120142249
20191121145633
20191122150916
20191123150928
20191124153820
20191125145731
20191126160337
20191127143741
20191128145502
20191129151755
20191130154940
20191201152157
20191202150843
20191203152942
20191204151143
20191205140507
20191206153108
20191207145530
20191208150323
20191209154356
20191210151656
20191211142914
20191212145523
20191213151847
20191214153154
20191215150542
20191216151558
20191217150432
20191218151256
20191219150441
20191220151804
20191221151435
20191222150724
20191223153201
20191224151627
20191225145901
20191226152310
20191227151030
20191228151218
20191229150313
20191230150803
20191231151758
20200101145701
20200102150538
20200103150602
20200104150145
20200105150940
20200106150421
20200107145450
20200108150038
20200109150821
20200110144708
20200111145906
20200112144825
20200113150226
20200114150716
20200115144533
20200116151348
20200117143802
20200118150737
20200119150233
20200120150748
20200121150925
20200122152844
20200123151439
20200124151417
20200125151217
20200126153658
20200127152936
20200128153913
20200129151939
20200130151308
20200131150324
20200201151908
20200202154140
20200203153126
20200204154915
20200205152536
20200206152215
20200207151834
20200208150538
20200209151605
20200210150056
20200211152904
20200212144219
20200213153654
20200215150306
20200216150006
20200217154501
20200218150406
20200219145709
20200220142924
20200221144232
20200222150245
20200223150446
20200224151356
20200225150549
20200226152812
20200227152002
20200228145842
20200229153047
20200301152958
20200302150902
20200303152823
20200304152927
20200305152818
20200306153657
20200307151225
20200308145707
20200309150329
20200310151151
20200311152134
20200312153051
20200313151806
20200314150230
20200315152031
20200316152324
20200317150642
20200318150126
20200319151122
20200320150408
20200321150654
20200322150053
20200323145934
20200324150505
20200325150204
20200515134454
20200516140426
20200517135113
20200518140425
20200519140943
20200520140624
20200521140955
20200522140948
20200523140344
20200524140356
20200525141442
20200526142420
20200527141701
20200528140241
20200529142749
20200530140452
20200531140711
20200601141443
20200602143450
20200603140341
20200604140631
20200605142311
20200606135943
20200607140715
20200608140923
20200609134808
20200610140932
20201102150352
20201103145506
20201104140756
20201105150007
20201106143017
20201107150103
20201108144308
20201109150927
20201110150505
20201111145941
20201112145550
20201113151248
20201114143814
20201115145510
20201116143358
20201117145724
20201118144915
20201119145335
20201120150532
20201121144847
20201122150430
20201123143708
20201124151236
20201125144052
20201126155510
20201127151355
20201128151552
20201129145758
20201130144707
20201201150023
20201202145605
20201203150638
20201204151817
20201205154643
20201206154612
20201207151631
20201208150645
20201209150832
20201210150615
20201214154155
20201215150025
20201217145423
20201218144622
20201219145040
20201220140809
20201221150822
20201222150309
20201223151506
20201224152531
20201225151707
20201226150007
20201227150527
20201228082742
20201229151203
20201230150932
20201231151244
20210101151421
20210102153545
20210103145220
20210104150544
20210105150317
20210106150318
20210107144733
20210108145816
20210109150648
20210110151653
20210111150349
20210112151207
20210115150053
20210116150713
20210117151515
20210118150105
20210119150627
20210120151806
20210121151129
20210122151140
20210123151253
20210124145100
20210125150436
20210126153031
20210127152835
20210128152527
20210129152845
20210130154330
20210131152343
20210201153405
20210202153756
20210203153513
20210204150119
20210205151245
20210206150959
20210207151826
20210208153100
20210209151210
20210210151912
20210211153556
20210212150914
20210213150945
20210214151101
20210215151832
20210216150553
20210217150517
20210218145240
20210219144608
20210220150832
20210221151252
20210222145939
20210223144843
20210224145633
20210225150746
20210226144557
20210227145442
20210228150629
20210301145709
20210302150510
20210303081759
20210304150003
20210305150714
20210306150004
20210307144908
20210308150416
20210309150258
20210310151750
20210311152735
20210312144957
20210313151635
20210314150845
20210315152422
20210316145534
20210317152539
20210318151905
20210319151623
20210320152410
20210321150425
20210322150604
20210323150528
20210324150117
20210325145131
20210326152409
20210327145306
20210328134907
20210329135546
20210330135541
20210331140849
20210410142237
20210411070313
20210412142511
20210413140314
20210414140535
20210415064650
20210416135911
20210417141449
20210418140817
20210419135730
20210420140358
20210421140406
20210422135528
20210423140512
20210424140044
20210425140010
20210426142229
20210427082542
20210428141730
20210429140233
20210430140231
20210501140647
20210502140020
20210503140421
20210504142428
20210505140017
20210506140841
20210507141533
20210508135702
20210509135553
20210510140859
20210511142106
20210512142524
20210513135316
20210514142611
20210515135433
20210516141123
20210517140908
20210518142816
20210519135703
20210520135959
20210521141039
20210522135035
20210523141411
20210524135529
20210525141131
20210526135426
20210527141029
20210528141229
20210529140431
20210530140226
20210531140005
20210601140337
20210602140524
20210603134934
20210604135838
20210605140556
20210606135554
20210607134606
20210608135542
20210609140210
20211102143325
20211103145801
20211104144644
20211105144541
20211106144455
20211107145900
20211108140145
20211109152614
20211110153207
20211111152848
20211112150704
20211113150210
20211114154126
20211115152952
20211116153137
20211117145919
20211118150426
20211119142117
20211120150240
20211121145612
20211122144335
20211123150236
20211124145937
20211125153015
20211126153918
20211127154356
20211128154018
20211129151300
20211130150458
20211201152355
20211202153619
20211203154346
20211203202335
20211205152034
20211206150555
20211207151745
20211208150557
20211209152457
20211210151648
20211211150241
20211212143837
20211213131749
20211214151039
20211215145432
20211216145338
20211217150030
20211218145136
20211219150908
20211220150848
20211221151038
20211222150055
20211223151112
20211224153908
20211225145601
20211226145948
20211227151017
20211228155108
20211229151152
20211230151318
20211231150444
20220101150307
20220102152547
20220103151337
20220104153944
20220105152037
20220106145046
20220107145953
20220108145849
20220109152723
20220110151152
20220111150827
20220112145117
20220113150708
20220114144218
20220115150133
20220116144721
20220117145157
20220118144717
20220119145818
20220120075739
20220121140849
20220122145732
20220123150301
20220124142442
20220125145757
20220126150845
20220127150103
20220128151857
20220129144939
20220130151257
20220131150504
20220201145316
20220202145410
20220203145121
20220204145635
20220205142140
20220206141703
20220207142414
20220208144533
20220209150019
20220210142030
20220211143628
20220212151952
20220213152731
20220214150825
20220215152448
20220216151432
20220217145953
20220218150631
20220219150352
20220220154401
20220221150728
20220222144540
20220223145733
20220224144739
20220225150104
20220226145856
20220227150818
20220228145949
20220301145414
20220302145003
20220303144525
20220304152409
20220305144515
20220306144507
20220307144309
20220308142503
20220309143849
20220310145215
20220311145806
20220312145929
20220313152053
20220314151301
20220315152218
20220316145446
20220317151408
20220318145401
20220319145544
20220320145023
20220321142513
20220322144516
20220323150138
20220324145316
20220325144847
20220326145806
20220327140553
20220328135249
20220329135429
20220330142736
20220331140546
20220401141139
20220402140242
20220403140200
20220404141321
20220405142047
20220406143340
20220407140230
20220408122914
20220409141611
20220410141339
20220411140913
20220412135414
20220413133459
20220414132133
20220415074651
20220416135738
20220417135737
20220418140127
20220419141648
20220420134926
20220421140501
20220422140247
20220423142436
20220424142259
20220425134706
20220426122228
20220427141318
20220428142251
20220429140827
20220430133322
20220501125215
20220502142308
20220504140945
20220505140101
20220506143743
20220507140846
20220508140500
20220509140046
20220510135315
20220511134628
20220512125716
20220513140021
20220514141555
20220515140816
20220516141625
20220517141459
20220518140436
20220519123707
20220520131609
20220521140207
20220522140352
20220523135137
20220524134734
20220525135428
20220526140352
20220527135156
20220528133600
20220529135004
20220530140250
20220531135644
20220601135946
20220602135057
20220603135241
20220604135610
20220605120551
20220606124656
20220607135258
20220608140400
20220609135636
20221102150533
20221103143711
20221104143703
20221105133048
20221106133340
20221107144727
20221108145933
20221109144509
20221110134506
20221111131347
20221112145155
20221113150945
20221114145116
20221115150147
20221116150414
20221117144917
20221118145538
20221119144029
20221120144917
20221121151330
20221122145345
20221123145758
20221128150509
20221129144944
20221130145414
20221201144816
20221202145415
20221203065559
20221204143142
20221206144914
20221207145641
20221208144933
20221209145215
20221210150710
20221211151507
20221212151122
20221213151059
20221214150157
20221215145903
20221216145938
20221217145955
20221218150008
20221219145225
20221220143723
20221221143434
20221222150431
20221223152117
20221224144721
20221226144907
20221227150923
20221228145008
20221229150359
20221230135837
20221231140022
20230102145657
20230103150742
20230104142011
20230106145105
20230107145957
20230108080031
20230109150032
20230110145909
20230111143844
20230112142043
20230113144927
20230114144809
20230115150248
20230117151047
20230118150643