20160401140702
20160402140702
20160403140702
20160404141202
20160405141202
20160406140703
20160407134701
20160409140703
20160410141701
20160411142702
20160412141201
20160413141701
20160414140704
20160415140702
20160417142701
20160418143201
20160419140701
20160420141202
20160421140701
20160422140702
20160423141203
20160424133702
20161103143023
20161104150148
20161105150658
20161106144940
20161107142408
20161108150024
20161109141844
20161110132101
20161111135142
20161112143225
20161114142959
20161115141434
20161116143211
20161117141329
20161118150231
20161119141714
20161120141814
20161121152810
20161122140859
20161123150715
20161124141600
20161125134619
20161126141622
20161127140700
20161128145758
20161129140415
20161130145308
20161201143340
20161202141919
20161203143959
20161204143936
20161205141115
20161206140718
20161207143817
20161208141000
20161209135836
20161210141756
20161211135652
20161212144739
20161213153553
20161214151909
20161215143307
20161216143001
20161217150511
20161218145757
20161220152811
20161221144700
20161222144359
20161223144836
20161224150112
20161225145820
20161226144844
20161227144839
20161228150117
20161229143129
20161230145142
20161231140010
20170101140134
20170102145243
20170103141611
20170104140900
20170105142448
20170106142359
20170107145812
20170108144314
20170109140450
20170110145108
20170111145316
20170112150320
20170113145555
20170114145811
20170115150318
20170116150736
20170117145841
20170118150021
20170119145927
20170120150030
20170121145810
20170122145926
20170123150546
20170124143155
20170125143849
20170126151509
20170127145748
20170128145429
20170129144310
20170130150153
20170131152739
20170201145938
20170202150243
20170203144321
20170204153749
20170205145218
20170206144219
20170207144241
20170208145236
20170209152806
20170210145718
20170211142228
20170212144820
20170213152416
20170214150210
20170215151626
20170216143013
20170217145728
20170218144807
20170219145659
20170220142629
20170221145716
20170222145322
20170223150246
20170224145347
20170225143013
20170226144359
20170227143230
20170228144524
20170301142440
20170302145332
20170303150057
20170304150954
20170305152507
20170306144442
20170307150638
20170308145250
20170309144934
20170310143931
20170311141814
20170312143906
20170313145035
20170314143739
20170315144606
20170316142717
20170317143424
20170318145929
20170319145817
20170320143038
20170321144223
20170322151408
20170323150226
20170324151831
20170325144628
20170326134005
20170327135051
20170328133648
20170329133442
20170330134006
20170331140931
20170401135242
20170402135941
20170403134425
20170404133438
20170405135949
20170406132412
20170407134725
20170408133408
20170409133330
20170410134220
20170411133034
20170412135946
20170413134931
20170414134623
20170415135125
20170416150928
20170417141042
20170418133440
20170419134039
20170420134717
20170423134525
20170424134324
20170425135718
20170426144403
20170427124911
20170428132959
20170429135603
20170430133510
20170501135242
20170502140428
20170503134858
20170504132537
20170505131344
20170506133730
20170507132953
20170508133249
20170509125909
20170510133430
20170511142139
20170512132351
20170513132040
20170514131118
20170515131803
20170516133744
20170517134112
20170518135103
20170519134445
20170520133441
20170521133806
20170522132927
20170523123310
20170524133606
20170525140226
20170526133930
20170527132202
20170528134123
20170529140916
20170530133910
20170531133242
20170601150428
20170602133653
20170603125404
20170604131501
20170605141852
20170606140124
20170607131423
20170608140615
20170609132746
20170610133105
20170611130719
20170612124838
20170613135050
20171102133604
20171103133533
20171104135134
20171105145325
20171106134153
20171107140313
20171108140458
20171109150332
20171110150245
20171111144427
20171112144840
20171113150737
20171114072741
20171115130953
20171117145751
20171118142105
20171119141827
20171120143457
20171121141042
20171122143742
20171123142359
20171124131723
20171125134740
20171126150818
20171127142421
20171128130720
20171129133652
20171130144227
20171201145001
20171202141925
20171204091608
20171205143801
20171206152344
20171207150448
20171208142123
20171209153434
20171210151907
20171211142421
20171212134841
20171213150831
20171214143514
20171215145048
20171216143906
20171217145149
20171218145745
20171219150258
20171220145722
20171221143528
20171222145358
20171223143710
20171224141053
20171225150729
20171226144344
20171227143306
20171228051450
20171229160502
20171230152938
20171231150504
20180101150054
20180102152848
20180103145510
20180104145704
20180105144853
20180106150911
20180107093436
20180108154945
20180109150814
20180110144644
20180111145622
20180112151745
20180113150526
20180114145016
20180115145652
20180116150350
20180117144757
20180118143749
20180119144031
20180120152827
20180121154056
20180122144230
20180123143508
20180124145513
20180125144651
20180126150208
20180127142559
20180128144921
20180129153911
20180130144533
20180131151132
20180201151509
20180202145047
20180203150235
20180204145558
20180205150854
20180206145459
20180207142220
20180208150557
20180209145728
20180210150306
20180211145549
20180212144546
20180213145201
20180214145823
20180215153356
20180216152606
20180217141952
20180218154007
20180219152110
20180220151124
20180221145128
20180222144116
20180223142816
20180224145402
20180225144053
20180226145652
20180227153534
20180228145130
20180301145625
20180302145442
20180303150413
20180304144224
20180305150058
20180306144531
20180307144132
20180308145739
20180309145449
20180310150200
20180311144529
20180312144250
20180313144844
20180314144754
20180315145108
20180316144211
20180317144950
20180318150429
20180319145153
20180320144942
20180322090136
20180323150600
20180324150317
20180325140322
20180326135704
20180327133526
20180328140008
20180329060254
20180330135419
20180331142356
20180401135906
20180402133007
20180403135555
20180404140223
20180405135453
20180406134710
20180407142547
20180408135356
20180409134641
20180410141727
20180412142714
20180414140102
20180415140324
20180417134305
20180418135721
20180419135237
20180420133931
20180421140657
20180422135420
20180423135933
20180424135912
20180425140051
20180426140125
20180427124638
20180428144001
20180429151920
20180430135737
20180501135041
20180502125337
20180503135822
20180504131847
20180505130051
20180506131638
20180507133935
20180508132634
20180509134557
20180510135539
20180511130816
20180512134507
20180513134630
20180514134532
20180515134531
20180516130426
20180517140047
20180518130844
20180519122602
20180520130514
20180521134652
20180522125039
20180523134629
20180524143108
20180525133110
20180526140822
20180527135022
20180528143156
20180529123942
20180530135138
20180531135053
20180601124946
20180602141211
20180603124727
20180604134139
20180605140822
20180606131441
20180607135607
20180608125852
20180609133307
20180610131927
20180611135639
20181029153237
20181030142244
20181031143102
20181101142111
20181102135258
20181103150411
20181104134708
20181105151421
20181106140754
20181107140820
20181108150503
20181109144950
20181110141416
20181111153518
20181112141107
20181113144854
20181114140244
20181115142947
20181116140902
20181117142731
20181118135330
20181119145322
20181120142208
20181121150029
20181122144135
20181123141418
20181124140913
20181125140349
20181127145927
20181128151246
20181129143421
20181130141207
20181201142133
20181202143915
20181203143520
20181204144848
20181205143005
20181206145200
20181207141105
20181208144723
20181209143909
20181210144126
20181211143948
20181212153704
20181214141033
20181215161753
20181216145342
20181217145053
20181218150027
20181219144741
20181220145602
20181221143953
20181222143458
20181223141929
20181224145814
20181225144705
20181226143439
20181227141417
20181228144023
20181229143919
20181230144634
20181231143046
20190101143030
20190102144450
20190103143939
20190104142458
20190105144415
20190106145225
20190107145616
20190108151705
20190109144832
20190110143731
20190111141958
20190112145350
20190113143806
20190114144421
20190115142802
20190116145933
20190117145724
20190118143848
20190119145428
20190120145447
20190121151619
20190122150637
20190123144552
20190124093652
20190125152159
20190126144711
20190127150653
20190128150053
20190129150333
20190130150453
20190131150359
20190201150022
20190202150506
20190203144713
20190204145925
20190205145110
20190206145236
20190207145306
20190208151614
20190209144905
20190210145720
20190211143805
20190212144831
20190213144602
20190214145347
20190215145637
20190216150143
20190217144026
20190218144839
20190219143457
20190220143330
20190221143247
20190222154025
20190223150930
20190224145312
20190225145718
20190226144932
20190227144156
20190228140333
20190301145245
20190302150134
20190303145831
20190304150601
20190305151325
20190306145004
20190307144654
20190308145652
20190309145706
20190310144338
20190311145424
20190312145318
20190313145457
20190314144028
20190315143215
20190316145554
20190320150230
20190322142051
20190323144855
20190324145840
20190325144826
20190326143730
20190327144503
20190328144706
20190329143851
20190330143254
20190331140514
20190401135401
20190402135337
20190403140005
20190404134435
20190405134942
20190406142202
20190407134334
20190408135219
20190409134939
20190410134901
20190411140321
20190412134342
20190413140208
20190414134717
20190415135702
20190416142144
20190417140031
20190418135544
20190419134719
20190420133536
20190421135718
20190422140403
20190423140933
20190424141240
20190425054523
20190426140006
20190429133951
20190430130512
20190501123730
20190502133705
20190503134905
20190504132941
20190505132820
20190506135409
20190507135510
20190508140204
20190510141155
20190511132016
20190512130337
20190513133908
20190514132912
20190515125843
20190516132403
20190517140426
20190518132825
20190519132633
20190520134222
20190521134413
20190522133442
20190523134923
20190524132425
20190525133536
20190526135203
20190527132958
20190528135828
20190529140535
20190530132154
20190531133855
20190601130858
20190602135303
20190603140117
20190604141109
20190605133410
20190606135057
20190607124031
20190608134035
20190609135723
20190610135120
20190611123523
20190612135359
20191030141500
20191031123440
20191101160128
20191102135933
20191103144942
20191104140151
20191105145750
20191106160639
20191107143650
20191108145214
20191109150003
20191110145522
20191111142134
20191112161030
20191113145729
20191114142705
20191115150451
20191116145319
20191117145035
20191118144659
20191119145632
20191120145604
20191121152017
20191122145824
20191123153522
20191124144907
20191125145546
20191126143826
20191127150146
20191128142536
20191129150135
20191130144745
20191201143644
20191202135232
20191203150331
20191204144234
20191206145603
20191207145858
20191208150706
20191209145530
20191211161200
20191212150003
20191213150316
20191214145021
20191215150416
20191216144854
20191217144541
20191218150829
20191219145131
20191220150721
20191221151526
20191222160156
20191223144150
20191224145230
20191225143935
20191226144449
20191227142912
20191228135314
20191229143656
20191230142755
20191231140702
20200101143554
20200102143217
20200103145136
20200104143048
20200105141347
20200106145043
20200107144902
20200108142840
20200110144655
20200111145443
20200112143327
20200113143400
20200114142842
20200115150026
20200116145958
20200117142725
20200118144416
20200119141546
20200120144821
20200121144056
20200122145304
20200123145943
20200124150537
20200125150524
20200126145440
20200127144508
20200128144416
20200129145557
20200130142705
20200131145534
20200201145452
20200202143001
20200203142926
20200204142401
20200205144217
20200206145134
20200207144427
20200208140742
20200209144822
20200210151353
20200211145028
20200212145155
20200213145507
20200214143021
20200215144206
20200216144744
20200217143914
20200218140146
20200219142201
20200220143430
20200221143131
20200222144136
20200223135420
20200224150024
20200225143008
20200226144136
20200227144021
20200228144418
20200229145104
20200301144328
20200302144011
20200303143849
20200304061513
20200305143609
20200306145325
20200307151335
20200308050937
20200309143607
20200310143434
20200311150212
20200312144337
20200313142501
20200314144155
20200315151203
20200316144018
20200317144352
20200318145426
20200319142749
20200320143009
20200321143928
20200322145028
20200323143937
20200324145638
20200325155159
20201102141647
20201103143003
20201104144755
20201105145821
20201106142341
20201107140112
20201108144212
20201109144006
20201110141612
20201111140646
20201112135447
20201113141833
20201114134851
20201115141519
20201116143020
20201117134646
20201118145601
20201119143603
20201120140542
20201121140944
20201122140437
20201123141712
20201124142715
20201125142138
20201126144825
20201127144909
20201128143537
20201129141207
20201130143831
20201201141843
20201202144820
20201203144346
20201204151422
20201205153203
20201206144545
20201207144802
20201208145713
20201209145332
20201210150100
20201214144620
20201215142703
20201217150537
20201218143923
20201219150529
20201220152426
20201221143408
20201222144556
20201223145537
20201224145050
20201225143214
20201226143005
20201227144836
20201228143122
20201229150044
20201230145828
20201231145831
20210101145920
20210102143320
20210103144701
20210104150011
20210105145136
20210106144614
20210107145155
20210108143306
20210109150935
20210110102849
20210111145429
20210112145450
20210115143551
20210116151245
20210117144327
20210118144905
20210119144654
20210120144901
20210121144212
20210122145720
20210123150635
20210124150138
20210125145636
20210126150640
20210127151244
20210128151042
20210129145223
20210130144123
20210131145241
20210201143256
20210202143817
20210203145134
20210204143945
20210205144959
20210206150137
20210207151636
20210208144331
20210209150223
20210210145917
20210211150735
20210212151355
20210213145909
20210214145427
20210215145242
20210216145527
20210217144550
20210218145051
20210219150109
20210220145646
20210221145549
20210222144812
20210223144529
20210224150544
20210225150309
20210226144222
20210227150511
20210228150122
20210301145248
20210302144214
20210303150849
20210304150929
20210305145632
20210306144848
20210307145132
20210308150132
20210309150830
20210310150012
20210311145019
20210312151637
20210313144643
20210314144326
20210315144551
20210316145826
20210317143716
20210318144629
20210319145752
20210320144237
20210321150629
20210322144340
20210323143952
20210324150051
20210325143550
20210326144439
20210327142448
20210328140200
20210329134951
20210330134927
20210331135811
20210410134810
20210411135223
20210412140116
20210413133251
20210414134822
20210415134215
20210416140421
20210417140000
20210418152335
20210419135437
20210420134912
20210421064723
20210422134233
20210423150359
20210424135023
20210425134147
20210426135849
20210427132935
20210428140601
20210429134837
20210430134543
20210501141014
20210502134230
20210503134516
20210504134847
20210505135159
20210506140929
20210507133854
20210508134200
20210509134447
20210510134148
20210511133844
20210512132000
20210513134135
20210514135919
20210515141257
20210516133513
20210517135537
20210518133520
20210519134427
20210520140938
20210521133403
20210522135125
20210523135651
20210524133322
20210525133642
20210526135013
20210527134221
20210528141534
20210529132553
20210530133224
20210531140324
20210601125247
20210602132802
20210603141032
20210604131642
20210605140902
20210606140116
20210607132218
20210608134956
20210609133121
20210610130726
20211020141758
20211022142617
20211102144919
20211103150733
20211104143022
20211105144535
20211106144914
20211107144526
20211108150507
20211109144337
20211110142054
20211111142515
20211112144224
20211113144038
20211114150241
20211115144202
20211116144624
20211117144705
20211118143939
20211119134836
20211120144523
20211121145144
20211122144359
20211123145355
20211124075956
20211125143945
20211126143141
20211127151342
20211128150310
20211129145014
20211130143506
20211201073300
20211202145143
20211203144630
20211204144617
20211205145130
20211206150031
20211207143837
20211208145058
20211209150357
20211210145348
20211211144428
20211212144948
20211213093700
20211214144844
20211215144346
20211216144215
20211217144801
20211218150551
20211219143155
20211220144850
20211221142541
20211222143812
20211223144729
20211224143453
20211225144016
20211226144527
20211227091037
20211228144040
20211229074350
20211230144504
20211231141010
20220101143311
20220102143258
20220103144411
20220104144931
20220105144846
20220106144715
20220107145230
20220108144029
20220109150825
20220110145245
20220111143442
20220112144125
20220113144432
20220114144211
20220115141635
20220116143518
20220117142650
20220118142513
20220119144927
20220120150316
20220121144545
20220122144807
20220123144810
20220124144608
20220125144717
20220126144423
20220127143938
20220128144514
20220129144650
20220130145210
20220131144842
20220201145203
20220202143829
20220203144120
20220204143956
20220205142332
20220206143521
20220207145417
20220208141825
20220209143236
20220210143509
20220211142742
20220212141930
20220213144903
20220214145317
20220215144720
20220216145552
20220217150750
20220218145156
20220219143524
20220220144120
20220221145116
20220222143846
20220223141958
20220224142946
20220225143832
20220226144626
20220227144437
20220228141421
20220301142536
20220302144330
20220303143752
20220304150400
20220305144156
20220306144119
20220307144331
20220308145715
20220309144207
20220310144534
20220311143838
20220312144621
20220313144446
20220314145917
20220315151212
20220316092746
20220317144524
20220318144626
20220319143724
20220320143436
20220321144738
20220322142440
20220323144020
20220324143954
20220325142032
20220326144337
20220327134036
20220328133210
20220329135100
20220330141732
20220331141719
20220401135250
20220402135723
20220403133639
20220404134706
20220405134422
20220406135534
20220407133514
20220408134259
20220409140307
20220410133013
20220411140627
20220412133257
20220413135337
20220414133458
20220415135404
20220416133214
20220417134345
20220418134227
20220419144325
20220420140416
20220421141927
20220422141313
20220423134856
20220424134914
20220425133808
20220426134947
20220427133634
20220428134700
20220429134441
20220430133731
20220501133628
20220502134155
20220504134928
20220505132350
20220506133649
20220507134405
20220508134934
20220509133332
20220510133215
20220511130725
20220512134227
20220513134721
20220514130844
20220515133106
20220516132132
20220517134322
20220518135719
20220519140220
20220520125712
20220521132528
20220522132241
20220523134713
20220524134527
20220525133723
20220526133455
20220527134019
20220528134433
20220529134228
20220530135848
20220531134406
20220601133347
20220602133124
20220603134339
20220604133534
20220605121600
20220606132851
20220607134354
20220608133555
20220609144124
20221102144847
20221103153849
20221104152337
20221105142813
20221106142823
20221107150002
20221108144441
20221109144154
20221110142358
20221111142831
20221112143704
20221113144522
20221114150508
20221115150121
20221116144519
20221117142827
20221118144936
20221119144925
20221120150625
20221121144512
20221122145541
20221123144810
20221128144108
20221129153946
20221130145045
20221201150208
20221202144400