20160401134201
20160402134702
20160403131202
20160404125202
20160405140701
20160406141701
20160408131702
20160409140702
20160410140702
20160411135202
20160412133201
20160413132202
20160414140702
20160416130702
20160417131702
20160418134702
20160419134702
20160420132201
20160421130702
20160422124702
20160423134201
20160424135201
20161103144242
20161104143702
20161105144417
20161106150142
20161107142019
20161108152411
20161109141157
20161110135349
20161111143208
20161112144926
20161113145208
20161114135807
20161115150423
20161116143906
20161117143254
20161118161022
20161119135741
20161120142959
20161121142217
20161122145448
20161123141354
20161125150155
20161126150436
20161127145509
20161128135413
20161129142741
20161130142421
20161201133557
20161202140338
20161203141954
20161204143638
20161205143933
20161206144656
20161207135533
20161208140251
20161209142922
20161210140706
20161211145447
20161212142624
20161213152308
20161214143335
20161215141618
20161216143323
20161217125715
20161218140327
20161220142639
20161221143907
20161222141845
20161223140917
20161224142642
20161226140930
20161227141055
20161228144058
20161229142255
20161230134414
20161231142226
20170101142351
20170102135748
20170103150912
20170104144911
20170105134459
20170106143146
20170107142845
20170108141328
20170109140158
20170110143855
20170111141003
20170112141921
20170113143221
20170114141914
20170115144039
20170116145347
20170117144530
20170118145836
20170119142807
20170120140555
20170121140207
20170122142409
20170123134651
20170124143226
20170125144919
20170126142337
20170127144203
20170128145444
20170129144859
20170130144434
20170131145910
20170201142857
20170202145616
20170203135750
20170204145047
20170205144047
20170206141828
20170207145825
20170208143834
20170209150020
20170210150106
20170211143147
20170212144743
20170213145659
20170214145204
20170215150843
20170216141233
20170217141411
20170218143852
20170219142819
20170220142613
20170221142349
20170222142411
20170223142709
20170224143835
20170225143542
20170226141130
20170227162412
20170228145151
20170301142453
20170302143117
20170303144110
20170304151022
20170305150348
20170306142914
20170307154527
20170308142424
20170309142930
20170310142102
20170311141620
20170312134635
20170313143538
20170314144836
20170315141746
20170316142949
20170317144822
20170318141119
20170319142253
20170320150804
20170321143038
20170322144151
20170323145420
20170324143158
20170325145733
20170326131103
20170327131542
20170328134122
20170329131147
20170330134515
20170331135730
20170401133151
20170402123433
20170403133712
20170404134926
20170405132626
20170406135047
20170407132149
20170408131649
20170409132119
20170410131029
20170411134159
20170412132146
20170413133118
20170414134524
20170415132810
20170416135737
20170417133638
20170418132208
20170419132343
20170420130814
20170423121947
20170424135527
20170425132241
20170426145434
20170427131123
20170428130657
20170429125020
20170430131250
20170501135602
20170502134923
20170503132917
20170504133053
20170505124044
20170506134740
20170507125515
20170508131318
20170509130423
20170510132552
20170511134003
20170512133033
20170513133348
20170514135744
20170515135237
20170516134632
20170517135218
20170518125716
20170519142436
20170520124503
20170521132510
20170522130832
20170523134747
20170524122533
20170525115832
20170526115930
20170527132036
20170528132536
20170529131036
20170530130343
20170531130411
20170601132306
20170602131114
20170603134140
20170604121246
20170605140848
20170606132054
20170607135650
20170608132949
20170609132817
20170610132713
20170611120152
20170612131113
20171102140545
20171103141209
20171104144922
20171105145440
20171106145140
20171107143115
20171108144116
20171109142910
20171110140059
20171111142537
20171112141508
20171113144645
20171114142500
20171115140814
20171116143107
20171117140414
20171118150101
20171119145406
20171120140431
20171121141321
20171122143414
20171123135005
20171124145622
20171125143631
20171126142151
20171127145139
20171128143040
20171129143410
20171130144326
20171201143358
20171202141409
20171203145048
20171204135047
20171205143318
20171206145541
20171207140429
20171208140028
20171209143438
20171210145028
20171211142935
20171212145556
20171213142756
20171214145057
20171215145918
20171216150703
20171217151044
20171218150343
20171219145046
20171220152401
20171221145945
20171222141613
20171223140937
20171224144447
20171225142135
20171226144116
20171227144323
20171228144155
20171229142801
20171230144325
20171231141135
20180401132004
20180402135205
20220424140118
20220425140746