20160401135201
20160402134201
20160403134701
20160404141201
20160405143701
20160406141701
20160407135202
20160409140702
20160410135202
20160411134701
20160412134201
20160413134701
20160414140702
20160415132701
20160417122201
20160418134201
20160419134702
20160420130701
20160421130702
20160422140701
20160423141201
20160424125202
20161103145541
20161104143151
20161106140037
20161107134717
20161108145245
20161109140131
20161110143748
20161111160847
20161112135649
20161113143933
20161114141218
20161115151007
20161116143521
20161117143020
20161118132018
20161119140447
20161120134415
20161121144933
20161122135151
20161123144004
20161124151714
20161125142336
20161126150949
20161127151106
20161128143520
20161129144855
20161130142833
20161201140150
20161202150929
20161203141958
20161204140127
20161205140057
20161206151310
20161207154218
20161208141938
20161209141235
20161210135445
20161211145826
20161212145657
20161213133801
20161214152108
20161215140349
20161216140821
20161217150435
20161218153923
20161220153738
20161221143527
20161222143410
20161223155923
20161224140522
20161225142441
20161226154148
20161227143540
20161228145312
20161229142701
20161230142901
20161231152315
20170101141542
20170102142555
20170103152351
20170104151424
20170105140210
20170106154955
20170107141822
20170108141947
20170109141412
20170110155613
20170111145538
20170112150806
20170113154923
20170114145013
20170115142043
20170116153620
20170117143932
20170118142558
20170119144901
20170120144115
20170121143901
20170122133304
20170123152746
20170124150544
20170125154138
20170126143954
20170127143907
20170128154455
20170129144607
20170130153658
20170131154811
20170201145856
20170202145338
20170203154158
20170204145135
20170205151101
20170206145935
20170207144856
20170208154259
20170209144101
20170210143737
20170211142046
20170212153049
20170213141734
20170214151320
20170215153154
20170216142754
20170217143611
20170218153845
20170219141617
20170220143332
20170221150406
20170222150315
20170223144333
20170224151559
20170225144313
20170226142948
20170227144612
20170228144246
20170301160035
20170302145348
20170303145411
20170304152634
20170305145846
20170306143545
20170307150418
20170308153449
20170309142438
20170310154305
20170311140211
20170312142946
20170313145517
20170314153107
20170315135956
20170316143828
20170317153725
20170318145628
20170319143226
20170320151115
20170321144558
20170322144422
20170323150602
20170324144555
20170325143515
20170326140357
20170327135940
20170328133309
20170329141025
20170330134557
20170331133153
20170401140934
20170402140507
20170403143629
20170404143031
20170405134340
20170406132656
20170407132411
20170408131931
20170409133302
20170410131150
20170411142808
20170412131912
20170413132732
20170414132146
20170415133003
20170416142025
20170417131342
20170418130913
20170419143333
20170420132155
20170423131614
20170424131034
20170425132749
20170426132959
20170427135247
20170428130804
20170429125645
20170430131959
20170501125204
20170502144126
20170503134159
20170504121228
20170505131626
20170506133405
20170507130311
20170508132830
20170509135928
20170511133345
20170512133042
20170513135815
20170514124453
20170515135537
20170516131514
20170517132700
20170518130908
20170519145450
20170520131733
20170521103109
20170522144007
20170523130943
20170524124850
20170525131856
20170526124907
20170527124544
20170528132930
20170529124943
20170530135215
20170531125430
20170601124701
20170602124531
20170603134752
20170604121654
20170605132514
20170606123807
20170607145410
20170608122757
20170609134512
20170610130111
20170611132621
20170612133620
20171102144336
20171103154628
20171104142238
20171105135703
20171106143501
20171107141239
20171108144611
20171109143736
20171110145120
20171111143306
20171112142454
20171113150041
20171114141715
20171115144850
20171117150624
20171118142826
20171119135709
20171120141510
20171121140232
20171122140437
20171123143709
20171124144007
20171125152101
20171126143153
20171127141259
20171128151622
20171129141148
20171130150249
20171201152130
20171202142258
20171203150258
20171204150627
20171205142530
20171206145906
20171207153525
20171208144231
20171209151140
20171210152027
20171211144825
20171212152714
20171213145123
20171214144345
20171215151634
20171216155704
20171217145108
20171218145505
20171219143633
20171220153849
20171221144445
20171222154135
20171223143507
20171224145050
20171225144802
20171226145108
20171227153701
20171228143418
20171229153427
20171230154254
20171231143034
20180401134114
20180402142210
20220424134300
20220425133930