20160401131202
20160402134202
20160403135202
20160404134701
20160405134702
20160406134702
20160407133201
20160409134702
20160410131201
20160411140701
20160412140701
20160413134201
20160414135201
20160415131702
20160417132201
20160418135201
20160419140701
20160420134701
20160421134701
20160422132201
20160423133202
20160424134701
20160426090701
20161103134607
20161104140616
20161105151248
20161106130840
20161107143212
20161108140329
20161109142555
20161110144639
20161111145112
20161112141609
20161113143813
20161114144839
20161115140814
20161116144941
20161117140538
20161118143838
20161119143109
20161120150927
20161121141306
20161122142403
20161123144202
20161124152405
20161125144956
20161126144354
20161127143859
20161128143551
20161129145519
20161130145656
20161201142251
20161202142655
20161203144436
20161204143630
20161205145227
20161206142820
20161207151207
20161208142831
20161209145444
20161210145914
20161211145221
20161212143835
20161213144731
20161214151410
20161215143349
20161216142059
20161217142424
20161218144259
20161220142709
20161221144431
20161222151954
20161223143134
20161224144002
20161225144621
20161226145052
20161227141106
20161228144325
20161229151956
20161230142904
20161231142506
20170101144651
20170102142746
20170103135554
20170104151723
20170105141224
20170106142853
20170107145659
20170108151255
20170109142835
20170110142203
20170111151146
20170112144645
20170113143302
20170114145138
20170115145218
20170116142338
20170117142333
20170118144235
20170119144037
20170120143356
20170121145557
20170122140821
20170123144810
20170124141856
20170125150208
20170126142649
20170127141014
20170128143219
20170129144912
20170130144430
20170131143057
20170201150632
20170202150706
20170203142653
20170204142817
20170205144518
20170206144255
20170207144545
20170208142740
20170209142314
20170210143518
20170211142911
20170212144857
20170213142115
20170214144321
20170215143743
20170216142236
20170217144539
20170218144101
20170219141919
20170220141030
20170221134715
20170222141457
20170223142731
20170224145536
20170225143428
20170226144714
20170227140545
20170228142205
20170301144625
20170302150814
20170303144450
20170304144800
20170305141630
20170306143148
20170307135803
20170308144056
20170309142445
20170310141605
20170311135246
20170312141914
20170313134724
20170314142150
20170315141901
20170316142659
20170317142908
20170318151605
20170319140346
20170320143407
20170321141951
20170322143049
20170323143001
20170324145428
20170325144218
20170326133133
20170327133658
20170328134521
20170329130835
20170330130346
20170331132722
20170401134025
20170402134158
20170403125531
20170404134353
20170405133701
20170406134653
20170407133725
20170408125917
20170409132015
20170410133342
20170411133015
20170412134609
20170413133105
20170414133015
20170415134335
20170416134003
20170417131201
20170418130317
20170419134606
20170420133520
20170423131918
20170424131942
20170425131927
20170426131912
20170427132552
20170428133210
20170429140122
20170430131941
20170501132222
20170502133028
20170503134555
20170504134654
20170505132000
20170506122255
20170507123909
20170508135451
20170509133108
20170510132601
20170511132947
20170512134515
20170513132005
20170514140448
20170515134423
20170516155845
20170517133742
20170518134407
20170519131432
20170520134658
20170521133824
20170522130339
20170523132919
20170524125542
20170525135312
20170526132205
20170527124358
20170528120240
20170529131419
20170530125742
20170531132319
20170601125539
20170602135129
20170603134033
20170604132911
20170605141403
20170606134404
20170607134445
20170608150821
20170609125512
20170610133222
20170611134817
20170612124641
20171102145310
20171103145145
20171104135523
20171105142735
20171106144702
20171107145007
20171108151749
20171109145149
20171110150319
20171111151230
20171112145650
20171113145930
20171114150937
20171115145754
20171116144541
20171117145806
20171118144643
20171119145110
20171120145301
20171121144750
20171122145243
20171123144825
20171124150233
20171125150540
20171126145555
20171127150741
20171128145553
20171129144914
20171130150034
20171201145923
20171202142656
20171203152202
20171204145016
20171205150718
20171206150427
20171207150209
20171208151030
20171209150116
20171210143748
20171211150041
20171212145117
20171213144107
20171214150403
20171215144611
20171216145715
20171217145416
20171218144846
20171219152718
20171220145049
20171221145526
20171222144345
20171223144751
20171224152501
20171225145742
20171226143942
20171227141641
20171228140022
20171229142735
20171230144637
20171231145212
20180401133733
20180402134657
20220424131911
20220425135822