20160401142202
20160402152202
20160403151702
20160404150702
20160405145202
20160406152703
20160407151704
20160409151702
20160410145202
20160411141202
20160412150703
20160413152702
20160414144202
20160415144202
20160417150701
20160418144202
20160419150703
20160420144202
20160421144702
20160422145202
20160423145202
20160424140702
20161103150048
20161104141711
20161105165148
20161106154700
20161107151151
20161108162806
20161109151247
20161110154402
20161111153715
20161112151402
20161113152619
20161114153800
20161115145223
20161116150438
20161117155352
20161118153902
20161119150031
20161120142315
20161121160627
20161122161056
20161123144307
20161124160809
20161125154949
20161126145659
20161127150422
20161128153241
20161129154313
20161130151149
20161201144629
20161202154849
20161203151028
20161204132634
20161205154253
20161206152647
20161207152520
20161208144600
20161209150640
20161210134055
20161211143750
20161212141825
20161213150026
20161214144347
20161215143554
20161216150734
20161217143717
20161218145433
20161220152550
20161221151638
20161222150434
20161223145441
20161224153645
20161225153102
20161226145353
20161227151409
20161228144514
20161229151437
20161230151720
20161231150206
20170101145954
20170102152904
20170103144637
20170104142827
20170105144908
20170106144310
20170107152258
20170108150845
20170109151850
20170110142528
20170111151353
20170112161433
20170113155325
20170114151505
20170115152805
20170116152448
20170117154937
20170118150315
20170119151207
20170120150947
20170121152856
20170122151902
20170123150031
20170124151138
20170125144733
20170126153335
20170127160132
20170128151915
20170129150643
20170130152319
20170131150520
20170201151030
20170202155340
20170203155546
20170204154150
20170205151942
20170206152530
20170207152735
20170208152027
20170209150812
20170210152717
20170211155808
20170212152905
20170213151052
20170214155226
20170215151521
20170216145819
20170217152501
20170218150331
20170219150458
20170220151958
20170221145815
20170222150142
20170223150622
20170224144540
20170225145648
20170226145201
20170227161122
20170228151725
20170301145601
20170302154150
20170303154629
20170304160015
20170305151709
20170306155029
20170307152714
20170308160851
20170309152326
20170310152032
20170311143406
20170312151220
20170313150813
20170314150134
20170315160314
20170316144037
20170317150725
20170318145657
20170319150023
20170320152336
20170321143848
20170322151108
20170323152840
20170324154804
20170325152824
20170326145433
20170327141701
20170328130505
20170329135758
20170330142016
20170331145842
20170401145636
20170402140035
20170403141106
20170404141852
20170405142003
20170406142205
20170407133748
20170408140057
20170409134605
20170410134506
20170411135311
20170412140114
20170413134004
20170414142037
20170415140527
20170416140814
20170417134826
20170418135649
20170419140052
20170420134740
20170423141003
20170424141806
20170425143140
20170426151403
20170427135650
20170428140414
20170429141405
20170430134944
20170501150648
20170502135622
20170503142909
20170504135305
20170505142606
20170506135004
20170507135914
20170508143148
20170509141306
20170510142127
20170511141106
20170512151928
20170513152600
20170514144321
20170515134452
20170516132557
20170517141626
20170518142416
20170519134425
20170520131715
20170521131657
20170522145540
20170523140122
20170524135208
20170525140523
20170526142210
20170527135904
20170528132142
20170529140431
20170530141711
20170531152800
20170601135001
20170602135251
20170603142204
20170604134347
20170605125048
20170606143629
20170607133218
20170608135624
20170609141157
20170610135243
20170611133147
20170612154530
20170613135448
20170614134304
20171102161426
20171103142717
20171104154627
20171105153936
20171106164041
20171107161059
20171108145415
20171109150502
20171110154253
20171111155335
20171112151815
20171113164820
20171114151726
20171115143743
20171116150053
20171117150748
20171118151238
20171119145301
20171120145515
20171121145841
20171122142047
20171123153803
20171124151410
20171125142915
20171126142403
20171127145524
20171128152027
20171129153659
20171130152936
20171201160019
20171202153525
20171203145558
20171204153519
20171205144926
20171206150609
20171207153557
20171208152400
20171209154620
20171210155826
20171211150335
20171212165558
20171213161136
20171214155332
20171215161713
20171216152054
20171217152106
20171218155717
20171219151153
20171220152819
20171221150830
20171222152026
20171223145733
20171224150708
20171225154028
20171226154447
20171227155249
20171228153828
20171229153751
20171230160023
20171231154310
20180401141038
20180402140445
20220424142259
20220425134706