20160401134201
20160402134702
20160403131202
20160404125202
20160405140701
20160406141701
20160408132201
20160409140702
20160410140702
20160411134701
20160412133201
20160413132202
20160414140702
20160416130701
20160417131702
20160418134202
20160419134702
20160420132201
20160421130702
20160422124702
20160423134201
20160424135201
20161103144242
20161104143202
20161105144417
20161106145057
20161107142019
20161108152411
20161109141157
20161110135349
20161111143208
20161112144926
20161113145208
20161114135807
20161115150423
20161116143906
20161117143254
20161118161022
20161119135741
20161120142959
20161121142217
20161122145448
20161123141354
20161125150155
20161126150436
20161127145509
20161128135413
20161129142741
20161130142421
20161201133557
20161202140338
20161203141954
20161204143638
20161205143933
20161206144656
20161207135533
20161208140251
20161209142922
20161210140706
20161211145447
20161212142624
20161213152308
20161214143335
20161215141618
20161216143323
20161217125715
20161218140327
20161220142639
20161221143907
20161222141845
20161223140917
20161224142642
20161226140930
20161227141055
20161228144058
20161229142255
20161230134414
20161231142226
20170101142351
20170102135748
20170103150912
20170104144911
20170105134459
20170106143146
20170107142845
20170108141328
20170109140158
20170110143855
20170111141003
20170112141921
20170113143221
20170114141914
20170115144039
20170116145347
20170117144530
20170118145836
20170119142807
20170120140555
20170121140207
20170122142409
20170123134651
20170124143226
20170125144919
20170126142337
20170127144203
20170128145444
20170129144859
20170130144434
20170131145910
20170201142857
20170202145616
20170203135750
20170204145047
20170205144047
20170206141828
20170207145825
20170208143834
20170209150020
20170210150106
20170211143147
20170212144743
20170213145659
20170214145204
20170215150843
20170216141233
20170217141411
20170218143852
20170219142819
20170220142613
20170221142349
20170222142411
20170223142709
20170224143835
20170225143542
20170226141130
20170227162412
20170228145151
20170301142453
20170302143117
20170303144110
20170304151022
20170305141841
20170306142914
20170307154527
20170308142424
20170309142930
20170310142102
20170311141620
20170312134635
20170313143538
20170314144836
20170315141746
20170316142949
20170317144822
20170318141119
20170319142253
20170320150804
20170321143038
20170322144151
20170323145420
20170324143158
20170325145733
20170326131103
20170327131542
20170328134122
20170329131147
20170330134515
20170331135730
20170401133151
20170402123433
20170403133712
20170404134926
20170405132626
20170406135047
20170407132149
20170408131649
20170409132119
20170410131029
20170411134159
20170412132146
20170413133118
20170414134524
20170415132810
20170416135737
20170417133638
20170418132208
20170419132343
20170420130814
20170423121947
20170424135527
20170425132241
20170426145434
20170427131123
20170428130657
20170429125020
20170430131250
20170501140316
20170502134923
20170503132917
20170504133053
20170505124044
20170506134740
20170507125515
20170508131318
20170509130423
20170510132552
20170511134003
20170512131711
20170513133348
20170514135744
20170515135237
20170516134632
20170517135218
20170518125716
20170519142436
20170520124503
20170521132510
20170522130832
20170523134747
20170524122533
20170525115832
20170526115930
20170527132036
20170528132536
20170529131036
20170530130343
20170531130411
20170601132306
20170602131114
20170603134140
20170604121246
20170605140848
20170606132054
20170607135650
20170608132949
20170609132817
20170610132713
20170611120152
20170612131113
20171102140545
20171103141209
20171104144922
20171105145440
20171106145140
20171107143115
20171108144116
20171109142910
20171110140059
20171111142537
20171112141508
20171113144645
20171114142500
20171115140814
20171116143107
20171117140414
20171118150101
20171119145406
20171120140431
20171121141321
20171122143414
20171123135005
20171124145622
20171125143631
20171126142151
20171127145139
20171128141857
20171129143410
20171130144326
20171201143358
20171202141409
20171203145048
20171204135047
20171205143318
20171206145541
20171207140429
20171208140028
20171209143438
20171210145028
20171211142935
20171212145556
20171213142756
20171214145057
20171215145918
20171216150703
20171217151044
20171218150343
20171219145046
20171220152401
20171221145945
20171222141613
20171223140937
20171224144447
20171225142135
20171226144116
20171227144323
20171228144155
20171229142801
20171230144325
20171231141135
20180101142148
20180102142233
20180103143300
20180104141658
20180105143237
20180106143945
20180107140828
20180108145003
20180109144928
20180110143708
20180111140745
20180112143321
20180113142250
20180114140630
20180115145154
20180116144201
20180117150812
20180118145316
20180119145644
20180120143401
20180121145113
20180122145001
20180123144426
20180124150256
20180125143642
20180126143501
20180127145021
20180128144552
20180129143304
20180130144623
20180131141924
20180201145527
20180202144657
20180203135635
20180204141312
20180205144601
20180206143851
20180207142225
20180208144406
20180209145657
20180210144020
20180211135927
20180212144810
20180213145935
20180214143733
20180215143822
20180216145101
20180217142055
20180218141015
20180219142615
20180220141503
20180221144000
20180222151601
20180223153740
20180224143315
20180225150307
20180226144055
20180227141628
20180228143434
20180301151214
20180302154952
20180303145244
20180304144324
20180305152902
20180306144702
20180307145444
20180308153825
20180309150042
20180310141859
20180311134620
20180312153708
20180313143649
20180314151736
20180315150912
20180316153022
20180317154057
20180318153137
20180319164508
20180320145128
20180321152248
20180322145330
20180323143910
20180324134629
20180325142250
20180326144235
20180327142001
20180328140133
20180329132423
20180330134229
20180331134446
20180401132004
20180402135205
20180403144258
20180404135359
20180405135319
20180406132335
20180407142810
20180408135904
20180409132621
20180410142545
20180411130650
20180412124101
20180413130156
20180414133009
20180415131828
20180417132739
20180418134333
20180419124345
20180420125115
20180421134510
20180422133255
20180423132242
20180424124528
20180425132737
20180426134147
20180427130445
20180428132114
20180429134847
20180430131627
20180501131204
20180502123005
20180503124002
20180504134417
20180505131808
20180506121028
20180507131944
20180508130732
20180509132826
20180510132211
20180511130209
20180512140422
20180513135719
20180514134626
20180515123727
20180516133543
20180517125157
20180518122556
20180519132915
20180520131547
20180521115518
20180523134559
20180524131926
20180525132322
20180526120459
20180527134451
20180528130204
20180529125633
20180530134518
20180531135449
20180601134010
20180602132451
20180603130321
20180604122045
20180605133145
20180606115627
20180607133414
20180608125421
20180609125521
20180610133958
20180611121556
20181029152006
20181030145520
20181031135518
20181101145556
20181102134842
20181103143259
20181104140731
20181105140157
20181106142209
20181107142705
20181108145642
20181109132002
20181110124501
20181111143637
20181112140842
20181113154444
20181114142309
20181115134923
20181116124524
20181117143348
20181118134121
20181119140002
20181120143334
20181121140639
20181122140907
20181123131706
20181124143708
20181125142050
20181127140039
20181128140204
20181129150348
20181130144020
20181201143044
20181202142538
20181203143843
20181204144315
20181205145642
20181206145931
20181207145328
20181208145845
20181209144428
20181210144245
20181211144420
20181212145654
20181213143137
20181214150410
20181215145011
20181216145230
20181217144842
20181218145615
20181219145128
20181220150224
20181221144139
20181222144901
20181223145007
20181224151240
20181225142403
20181226145836
20181227144320
20181228144855
20181229142430
20181230143520
20181231141923
20190101141124
20190102151326
20190103144837
20190104150205
20190105151105
20190106135622
20190107143451
20190108145401
20190109143832
20190110144111
20190111145716
20190112145613
20190113143618
20190114141646
20190115145605
20190116144010
20190117143632
20190118143045
20190119145225
20190120145515
20190121143844
20190122145955
20190123151100
20190124144553
20190125144727
20190126143453
20190127151119
20190128143803
20190129150746
20190130152704
20190131144153
20190201145844
20190202141158
20190203142839
20190204145119
20190205154922
20190206153647
20190207145430
20190208145015
20190209141529
20190210143307
20190211145956
20190212150333
20190213144606
20190214145647
20190215145001
20190216145400
20190217103423
20190218145551
20190219150409
20190220145006
20190221143854
20190222145249
20190223145157
20190224143955
20190225150042
20190226145233
20190227145723
20190228150804
20190301150810
20190302144739
20190303150015
20190304152512
20190305150724
20190306150449
20190307151142
20190308150147
20190309141712
20190310141537
20190311151502
20190312145405
20190313145207
20190314151404
20190315144511
20190316150558
20190317145838
20190318145758
20190319150632
20190320150955
20190322150550
20190323150217
20190324144310
20190325152517
20190326144729
20190327150945
20190328150229
20190329141122
20190330145723
20190331134405
20190401131727
20190402141303
20190403141554
20190404142803
20190405135927
20190406132958
20190407132218
20190408140031
20190409133740
20190410141614
20190411134516
20190412135222
20190413135353
20190414140908
20190415134303
20190416141958
20190417135843
20190418134847
20190419135559
20190420135823
20190421134813
20190422134853
20190423134855
20190424140954
20190425133817
20190426135619
20190427142307
20190429132212
20190430133445
20190501141714
20190502132150
20190503140839
20190504134953
20190505140932
20190506140750
20190507140848
20190508134025
20190509141330
20190510133243
20190511135841
20190512135720
20190513133632
20190514135908
20190516141201
20190517131640
20190518134209
20190519135047
20190520131855
20190521140746
20190522125904
20190523133255
20190524131549
20190525142529
20190526132041
20190527143025
20190528135647
20190529133720
20190530134212
20190531130812
20190601120648
20190602121111
20190603135825
20190604135758
20190605122358
20190606131010
20190607135938
20190608132648
20190609140208
20190610134113
20190611142901
20190612140922
20191030144912
20191031143742
20191101145613
20191102144742
20191103143958
20191104142709
20191105152337
20191106145053
20191107144104
20191108144258
20191109144424
20191110143018
20191111143931
20191112143344
20191113143054
20191114145108
20191115144915
20191116143337
20191117141358
20191118144958
20191119145702
20191120145133
20191121143207
20191122145636
20191123135811
20191124140914
20191125151505
20191126150358
20191127145136
20191128145027
20191129140313
20191130150119
20191201144827
20191202141223
20191203144336
20191204144925
20191207145146
20191208135919
20191209145046
20191210145231
20191211143758
20191212144319
20191213151602
20191214141241
20191215142413
20191216144746
20191217145252
20191218143016
20191219144841
20191220072839
20191221145032
20191222145950
20191223145528
20191224144445
20191225145548
20191226145614
20191227140846
20191228145855
20191229132809
20191230150125
20191231141201
20200101144823
20200102142914
20200103145556
20200104143227
20200105143344
20200106140002
20200107143532
20200108145004
20200110144602
20200111143740
20200112140538
20200113152748
20200114143856
20200115145105
20200116143617
20200117144611
20200118145151
20200119143746
20200120145107
20200121145808
20200122152902
20200123145253
20200124145840
20200125143935
20200126145707
20200127145208
20200128145239
20200129145807
20200130145136
20200131145008
20200201144222
20200202142247
20200203145610
20200204144842
20200205151300
20200206144256
20200207144539
20200208144839
20200209145024
20200210150151
20200211150056
20200212145430
20200213145831
20200215135721
20200216142038
20200217145944
20200218143121
20200219152632
20200220150138
20200221145501
20200223082054
20200224145859
20200225150156
20200226151633
20200227150713
20200228150029
20200229145849
20200301145307
20200302145232
20200303145849
20200304145439
20200305145840
20200306150007
20200307143621
20200308141404
20200309144604
20200310150435
20200311150453
20200312144619
20200313141101
20200314150018
20200315144947
20200316145047
20200317145111
20200318145036
20200319145324
20200320143835
20200321142659
20200322144702
20200323142045
20200324144454
20200325150335
20200511134945
20200512140741
20200513135557
20200514134954
20200515135724
20200516134456
20200517134416
20200518134734
20200519135717
20200520133818
20200521134055
20200522134842
20200523140004
20200524135646
20200525132440
20200526133852
20200527135555
20200528134516
20200529133827
20200530131246
20200531133513
20200601141018
20200602135032
20200603135026
20200604133830
20200605140736
20200606134708
20200607135758
20200608135951
20200609140008
20200610135948
20201027110230
20201028140906
20201029124349
20201030152059
20201102145354
20201103150557
20201104144316
20201105142934
20201106144316
20201107142331
20201108141741
20201109142608
20201110143612
20201111143231
20201112143714
20201113150633
20201114144040
20201115145248
20201116145900
20201117142913
20201118144649
20201119150401
20201120150115
20201121144916
20201122144305
20201123150505
20201124145438
20201125145207
20201126150257
20201127142513
20201128144729
20201129144743
20201130150005
20201201150503
20201202140739
20201203150839
20201204150543
20201205145134
20201206144545
20201207150203
20201208150443
20201209150235
20201210144724
20201214150425
20201215150450
20201217144849
20201218150351
20201219150053
20201220150511
20201221151126
20201222145404
20201223145126
20201224151104
20201225150204
20201226144543
20201227150040
20201228150429
20201229145244
20201230144514
20201231151047
20210101145636
20210102142917
20210103143819
20210104143527
20210105143130
20210106150422
20210107142505
20210108145657
20210109143145
20210110144203
20210111151209
20210112150721
20210115151204
20210116150024
20210117150251
20210118144632
20210119144521
20210120150427
20210121145744
20210122150810
20210123145916
20210124143625
20210125150413
20210126145113
20210127145806
20210128150251
20210129145358
20210130141624
20210131141851
20210201144903
20210202145726
20210203145829
20210204153326
20210205150205
20210206143018
20210207143606
20210208145056
20210209150043
20210210142814
20210211150504
20210212145630
20210213150008
20210214150330
20210215145246
20210216144942
20210217142339
20210218150427
20210219144433
20210220143902
20210221144748
20210222144415
20210223141846
20210224142929
20210225141323
20210226150452
20210227143716
20210228143707
20210301143300
20210302144409
20210303143815
20210304143934
20210305144813
20210306144650
20210307142555
20210308144605
20210309145511
20210310145916
20210311145850
20210312150850
20210313145851
20210314145138
20210315073424
20210316145646
20210317150414
20210318144015
20210319144511
20210320150338
20210321150027
20210322145002
20210323143849
20210324144802
20210325145148
20210326144714
20210327145631
20210328132610
20210329134555
20210330135802
20210331135904
20210410134420
20210411134931
20210412135106
20210413135804
20210414140525
20210415135648
20210416132841
20210417134427
20210418134253
20210419131230
20210420140513
20210421134037
20210422134652
20210423134953
20210424140316
20210425140735
20210426134608
20210427133525
20210428134803
20210429135020
20210430133441
20210501134633
20210502134220
20210503134935
20210504134939
20210505134221
20210506135451
20210507135302
20210508135615
20210509135529
20210510134818
20210511140640
20210512140026
20210513133828
20210514135510
20210515134323
20210516134715
20210517135415
20210518135430
20210519140420
20210520134441
20210521135126
20210522133133
20210523134001
20210524134342
20210525140408
20210526135419
20210527110015
20210528133400
20210529140632
20210530141844
20210531134109
20210601134225
20210602135037
20210603134208
20210604135536
20210605134849
20210606132635
20210607135953
20210608140724
20210609135508
20211102150843
20211103145212
20211104145159
20211105144243
20211106142358
20211107150408
20211108150159
20211109145526
20211110135204
20211111144416
20211112142944
20211113144627
20211114144337
20211115134441
20211116143446
20211117140925
20211118140735
20211119140001
20211120141059
20211121134113
20211122132345
20211123141923
20211124135912
20211125143822
20211126145356
20211127150154
20211128145530
20211129145359
20211130142048
20211201142936
20211202150617
20211203151519
20211204142630
20211205140523
20211206141122
20211207145820
20211208150551
20211209142343
20211210141533
20211211150117
20211212150236
20211213144547
20211214155357
20211215143320
20211216143457
20211217145852
20211218144758
20211219145952
20211220144442
20211221143413
20211222125206
20211223142209
20211224150957
20211225141019
20211226143721
20211227151007
20211228152046
20211229145950
20211230145145
20211231141853
20220101142303
20220102141921
20220103144758
20220104145012
20220105145951
20220106140301
20220107145857
20220108151019
20220109150425
20220110144537
20220111144421
20220112154447
20220113145135
20220114150127
20220115145404
20220116142947
20220117150443
20220118145656
20220119144005
20220120154229
20220121150257
20220122143335
20220123144113
20220124150300
20220125140450
20220126144706
20220127144639
20220128144451
20220129145938
20220130150528
20220131150627
20220201144049
20220202142719
20220203151245
20220204090233
20220205151050
20220206133350
20220207150535
20220208145419
20220209145808
20220210144901
20220211150430
20220212141540
20220214075959
20220215143857
20220216145833
20220217144114
20220218150955
20220219145300
20220220144534
20220221150351
20220222150657
20220223150037
20220224145725
20220225145559
20220226145837
20220227145708
20220228145928
20220301142849
20220302141941
20220303141248
20220304145224
20220305142628
20220306140016
20220307145926
20220308143907
20220309150044
20220310145742
20220311145204
20220312151032
20220313144337
20220314143729
20220315150338
20220316150835
20220317145155
20220318145633
20220319145220
20220320144601
20220321144252
20220322145551
20220323150159
20220324142210
20220325142346
20220326150303
20220327135839
20220328141357
20220329134847
20220330133010
20220331131603
20220401130343
20220402135328
20220403131749
20220404140226
20220405135644
20220406140805
20220407140630
20220408135259
20220409135834
20220410133754
20220411140354
20220412133953
20220413131431
20220414135219
20220415133938
20220416135904
20220417140200
20220418133901
20220419141503
20220420140515
20220421135827
20220422141224
20220423132735
20220424140118
20220425140746
20220426133331
20220427132938
20220428134718
20220429134018
20220430135721
20220501134959
20220502135142
20220504130626
20220505135811
20220506135134
20220507135822
20220508140008
20220509132701
20220510133516
20220511130546
20220512133507
20220513132727
20220514131340
20220515131638
20220516140631
20220517132208
20220518140152
20220519130631
20220520131350
20220521135630
20220522135145
20220523131804
20220524132123
20220525134326
20220526134828
20220527134514
20220528131034
20220529130054
20220530134538
20220531135247
20220601131619
20220602131629
20220603140312
20220604134953
20220605132204
20220606132857
20220607140423
20220608134240
20220609131538
20221102141311
20221103135734
20221104135517
20221105142309
20221106130832
20221107140049
20221108144524
20221109144327
20221110142150
20221111140927
20221112140636
20221113142157
20221114143523
20221115143548
20221116150921
20221117145151
20221118145322
20221119141858
20221120144907
20221121151437
20221122152240
20221123140409
20221128145823
20221129144012
20221130140109
20221201150350
20221202150136
20221203144620
20221204144239
20221206150307
20221207141422
20221208142948
20221209150052
20221210150932
20221211151139
20221212144950
20221213143942
20221214145412
20221215150832
20221216150234
20221217153349
20221218140103
20221219150559
20221220145308
20221221142125
20221222150304
20221223150035
20221224144812
20221226150023
20221227145814
20221228144301
20221229145403
20221230145243
20221231144441
20230102141144
20230103145233
20230104143626
20230106145327
20230107150332
20230108150148
20230109144136
20230110143845
20230111140601
20230112163036
20230113145004
20230114145124
20230115145540
20230117145233
20230118145944
20230119142256
20230120145413
20230121150107
20230122144928
20230123145517
20230124151006
20230125144159
20230127145806
20230128150742
20230129150056
20230130150045
20230131150008