20160401134701
20160402132702
20160403125201
20160404122201
20160405134201
20160406134701
20160408115201
20160409132201
20160410132701
20160411133201
20160412150702
20160413140701
20160414062702
20160416121702
20160417121201
20160418124201
20160419130701
20160420133701
20160421130701
20160422130701
20160423131701
20160424123702
20161027082701
20161103131059
20161104143202
20161105144021
20161106123752
20161107133251
20161108133920
20161109150132
20161110143802
20161111142249
20161112144714
20161113130557
20161114145304
20161115150046
20161116144900
20161117134810
20161118145906
20161119131230
20161120130706
20161121142016
20161122151056
20161123141926
20161124133701
20161125134133
20161126135925
20161127134347
20161128145539
20161129134612
20161130135154
20161201132811
20161202132218
20161203144219
20161204143055
20161205134722
20161206132318
20161207134058
20161208143826
20161209142949
20161210134028
20161211130958
20161212132915
20161213134134
20161214144637
20161215134420
20161216130226
20161217133408
20161218122740
20161220133020
20161221133643
20161222132438
20161223132737
20161224140342
20161225135322
20161226130401
20161227144411
20161228144715
20161229132011
20161230130324
20161231145645
20170101145038
20170102120648
20170103124211
20170104150244
20170105135312
20170106140306
20170107132515
20170108122928
20170109134541
20170110141327
20170111145422
20170112145127
20170113144038
20170114135727
20170115140511
20170116150845
20170117140420
20170118132219
20170119145925
20170120125623
20170121150145
20170122140225
20170123133655
20170124133305
20170125140423
20170126140106
20170127143908
20170128144023
20170129144742
20170130131239
20170131132806
20170201134442
20170202150039
20170203151201
20170204141902
20170205141135
20170206135543
20170207135507
20170208151338
20170209145230
20170210143445
20170211143833
20170212143637
20170213132213
20170214140229
20170215150938
20170216141937
20170217142027
20170218151659
20170219141349
20170220150143
20170221140335
20170222125813
20170223142103
20170224145703
20170225143446
20170226150803
20170227141436
20170228125516
20170301141443
20170302145603
20170303153143
20170304135454
20170305142720
20170306150859
20170307152036
20170308144456
20170309145953
20170310145220
20170311144535
20170312160153
20170313150822
20170314144248
20170315145503
20170316131323
20170317145249
20170318142103
20170319141349
20170320133300
20170321134049
20170322145855
20170323143113
20170324145851
20170325144343
20170326125536
20170327130108
20170328134251
20170329130704
20170330133624
20170331133225
20170401132535
20170402121436
20170403132031
20170404125405
20170405131958
20170406135439
20170407134050
20170408125921
20170409125342
20170410123331
20170411125729
20170412130212
20170413135802
20170414133640
20170415135507
20170416133626
20170417124600
20170418125831
20170419141221
20170420134826
20170423125512
20170424131818
20170425144044
20170426140518
20170427134758
20170428141022
20170429134909
20170430141609
20170501142710
20170502135908
20170503133832
20170504131554
20170505123338
20170506134258
20170507130141
20170508134426
20170509134343
20170510132722
20170511132551
20170512130533
20170513124621
20170514124455
20170515124557
20170516141532
20170517134202
20170518135412
20170519131450
20170520133017
20170521133752
20170522133032
20170523130147
20170524131409
20170525133514
20170526132211
20170527125714
20170528133534
20170529122510
20170530133842
20170531130447
20170601131928
20170602133452
20170603132233
20170604121854
20170605122954
20170606134055
20170607133841
20170608134550
20170609132918
20170610120904
20170611125534
20170612115408
20171102123924
20171103142249
20171104135036
20171105131841
20171106131759
20171107105835
20171108143548
20171109130516
20171110145012
20171111143449
20171112125702
20171113134333
20171114134237
20171115141905
20171117115210
20171118132435
20171119130349
20171120142232
20171121142006
20171122102314
20171123140352
20171124134015
20171125150944
20171126144032
20171127140952
20171128131616
20171129141251
20171130150250
20171201153235
20171202145737
20171203143909
20171204140627
20171205150354
20171206144452
20171207143929
20171208150631
20171209151447
20171210134716
20171211145530
20171212140243
20171213143818
20171214140957
20171215150053
20171216143438
20171217142451
20171218150012
20171219141542
20171220131952
20171221141433
20171222135913
20171223145542
20171224145620
20171225155229
20171226145058
20171227140212
20171228140446
20171229145512
20171230140554
20171231140218
20180401140321
20180402133652
20220424135211
20220425131215