20160401140702
20160402140702
20160403140702
20160404141202
20160405141202
20160406140703
20160407134701
20160409140703
20160410141701
20160411142702
20160412141201
20160413141701
20160414140704
20160415140702
20160417142701
20160418143201
20160419140701
20160420141202
20160421140701
20160422140702
20160423141203
20160424133702
20161103143023
20161104150148
20161105150658
20161106144940
20161107142408
20161108150024
20161109141844
20161110132101
20161111135142
20161112143225
20161114142959
20161115141434
20161116143211
20161117141329
20161118150231
20161119141714
20161120141814
20161121152810
20161122140859
20161123150715
20161124141600
20161125134619
20161126141622
20161127140700
20161128145758
20161129140415
20161130145308
20161201143340
20161202141919
20161203143959
20161204143936
20161205141115
20161206140718
20161207143817
20161208141000
20161209135836
20161210141756
20161211135652
20161212144739
20161213153553
20161214151909
20161215143307
20161216143001
20161217150511
20161218145757
20161220152811
20161221144700
20161222144359
20161223144836
20161224150112
20161225145820
20161226144844
20161227144839
20161228150117
20161229143129
20161230145142
20161231140010
20170101140134
20170102145243
20170103141611
20170104140900
20170105142448
20170106142359
20170107145812
20170108144314
20170109140450
20170110145108
20170111145316
20170112150320
20170113145555
20170114145811
20170115150318
20170116150736
20170117145841
20170118150021
20170119145927
20170120150030
20170121145810
20170122145926
20170123150546
20170124143155
20170125143849
20170126151509
20170127145748
20170128145429
20170129144310
20170130150153
20170131152739
20170201145938
20170202150243
20170203144321
20170204153749
20170205145218
20170206144219
20170207144241
20170208145236
20170209152806
20170210145718
20170211142228
20170212144820
20170213152416
20170214150210
20170215151626
20170216143013
20170217145728
20170218144807
20170219145659
20170220142629
20170221145716
20170222145322
20170223150246
20170224145347
20170225143013
20170226144359
20170227143230
20170228144524
20170301142440
20170302145332
20170303150057
20170304150954
20170305152507
20170306144442
20170307150638
20170308145250
20170309144934
20170310143931
20170311141814
20170312143906
20170313145035
20170314143739
20170315144606
20170316142717
20170317143424
20170318145929
20170319145817
20170320143038
20170321144223
20170322151408
20170323150226
20170324151831
20170325144628
20170326134005
20170327135051
20170328133648
20170329133442
20170330134006
20170331140931
20170401135242
20170402135941
20170403134425
20170404133438
20170405135949
20170406132412
20170407134725
20170408133408
20170409133330
20170410134220
20170411133034
20170412135946
20170413134931
20170414134623
20170415135125
20170416150928
20170417141042
20170418133440
20170419134039
20170420134717
20170423134525
20170424134324
20170425135718
20170426144403
20170427124911
20170428132959
20170429135603
20170430133510
20170501135242
20170502140428
20170503134858
20170504132537
20170505131344
20170506133730
20170507132953
20170508133249
20170509125909
20170510133430
20170511142139
20170512132351
20170513132040
20170514131118
20170515131803
20170516133744
20170517134112
20170518135103
20170519134445
20170520133441
20170521133806
20170522132927
20170523123310
20170524133606
20170525140226
20170526133930
20170527132202
20170528134123
20170529140916
20170530133910
20170531133242
20170601150428
20170602133653
20170603125404
20170604131501
20170605141852
20170606140124
20170607131423
20170608140615
20170609132746
20170610133105
20170611130719
20170612124838
20170613135050
20171102133604
20171103133533
20171104135134
20171105145325
20171106134153
20171107140313
20171108140458
20171109150332
20171110150245
20171111144427
20171112144840
20171113150737
20171114072741
20171115130953
20171117145751
20171118142105
20171119141827
20171120143457
20171121141042
20171122143742
20171123142359
20171124131723
20171125134740
20171126150818
20171127142421
20171128130720
20171129133652
20171130144227
20171201145001
20171202141925
20171204091608
20171205143801
20171206152344
20171207150448
20171208142123
20171209153434
20171210151907
20171211142421
20171212134841
20171213150831
20171214143514
20171215145048
20171216143906
20171217145149
20171218145745
20171219150258
20171220145722
20171221143528
20171222145358
20171223143710
20171224141053
20171225150729
20171226144344
20171227143306
20171228051450
20171229160502
20171230152938
20171231150504
20180401135906
20180402133007
20220424134914
20220425133808