20160401134202
20160402141201
20160403135202
20160404131702
20160405133202
20160406140704
20160407141202
20160409140704
20160410142201
20160411140701
20160412132201
20160413140702
20160414140704
20160415140703
20160417121202
20160418135202
20160419133202
20160420135201
20160421123202
20160422124202
20160423135201
20160424135202
20161103144737
20161104143706
20161105122638
20161106151417
20161107144812
20161109145801
20161110133352
20161111131005
20161112141435
20161113153141
20161114150437
20161115115452
20161116145648
20161117134536
20161118144225
20161119142724
20161120140914
20161121144939
20161122163313
20161123135549
20161124145857
20161125143158
20161126154342
20161127144431
20161128145846
20161129140845
20161130145211
20161201143400
20161202153728
20161203132131
20161204131110
20161205145730
20161207134921
20161208145337
20161209145337
20161210151523
20161211143738
20161212143929
20161213142932
20161214145425
20161215150030
20161216145604
20161217150031
20161218142846
20161220135547
20161221154725
20161222145222
20161223144552
20161224144725
20161225150739
20161226144924
20161227151121
20161228152915
20161229132621
20161230133427
20161231153848
20170101142736
20170102135841
20170103151549
20170104144629
20170105134250
20170106133836
20170107145832
20170108145321
20170109144849
20170110144924
20170111144927
20170112151441
20170113143140
20170114152823
20170115162548
20170116145740
20170117145257
20170118144908
20170119144641
20170120150154
20170121140546
20170122140851
20170123151721
20170124151424
20170125144641
20170126133849
20170127134852
20170128142201
20170129150047
20170130144636
20170131144433
20170201145847
20170202143752
20170203151151
20170204150656
20170205144628
20170206145543
20170207145548
20170208150552
20170209150822
20170210145147
20170211150236
20170212145518
20170213144707
20170214144627
20170215145201
20170216150238
20170217134836
20170218132323
20170219140649
20170220150426
20170221150212
20170222145804
20170223142406
20170224142500
20170225150245
20170226145521
20170227142540
20170228140756
20170301144642
20170302144445
20170303153847
20170304153620
20170305151759
20170306143852
20170307144653
20170308150309
20170309144104
20170310145835
20170311135507
20170312135656
20170313150104
20170314145056
20170315144100
20170316134702
20170317133918
20170318150131
20170319145313
20170320145326
20170321145028
20170322143259
20170323145205
20170324145947
20170325152125
20170326135239
20170327124949
20170328124110
20170329140940
20170330141017
20170331134126
20170401130636
20170402130939
20170403135707
20170404130332
20170405134931
20170406140357
20170407140624
20170408135724
20170409134731
20170410133552
20170411132549
20170412134641
20170413142530
20170414133522
20170415134754
20170416134348
20170417134634
20170418130531
20170419135447
20170420112223
20170423122419
20170424131753
20170427123435
20170428141001
20170429150532
20170430144351
20170501132615
20170502130231
20170503143451
20170504125719
20170505141053
20170506140306
20170507135842
20170508143514
20170509132921
20170510123905
20170511141720
20170512140913
20170513141927
20170514145101
20170515143728
20170516143653
20170517134418
20170518140036
20170519131939
20170520130944
20170521131057
20170522140253
20170523135848
20170524140459
20170525132646
20170526141503
20170527142255
20170528140452
20170529131519
20170530125614
20170531141223
20170601125416
20170602140140
20170603141005
20170604131051
20170605141257
20170606123554
20170607134713
20170608133852
20170609124650
20170610140716
20170611140444
20170612132606
20171102152527
20171103140057
20171104150056
20171105143417
20171106144231
20171108135933
20171109145020
20171110143804
20171111132901
20171112133337
20171113145954
20171114144908
20171115145346
20171116143824
20171117143938
20171118142356
20171119130512
20171120154704
20171121151457
20171122134917
20171123143806
20171124142328
20171125142636
20171126143750
20171127135032
20171128133804
20171129143200
20171130134932
20171201150003
20171202150642
20171204083232
20171205160429
20171206144405
20171207140403
20171208144901
20171209142051
20171210125338
20171211150552
20171212145931
20171213142038
20171214142238
20171215145040
20171216143950
20171217145539
20171218154546
20171219153918
20171220150451
20171221143307
20171222145119
20171223144056
20171224142436
20171225141539
20171226150314
20171227150147
20171228150505
20171229151443
20171230150734
20171231150122
20180401140234
20180402140017
20220424140816
20220425134633